/*--------------------------------*- C++ -*----------------------------------*\
| =========                 |                                                 |
| \\      /  F ield         | OpenFOAM: The Open Source CFD Toolbox           |
|  \\    /   O peration     | Version:  2412                                  |
|   \\  /    A nd           | Website:  www.openfoam.com                      |
|    \\/     M anipulation  |                                                 |
\*---------------------------------------------------------------------------*/
FoamFile
{
    version     2.0;
    format      ascii;
    arch        "LSB;label=32;scalar=64";
    class       faceList;
    location    "constant/polyMesh";
    object      faces;
}
// * * * * * * * * * * * * * * * * * * * * * * * * * * * * * * * * * * * * * //


6250
(
3(853 452 954)
3(958 954 452)
3(853 958 452)
3(360 758 361)
3(360 346 758)
3(346 361 758)
3(973 574 76)
3(973 75 574)
3(388 790 791)
3(388 791 797)
3(388 797 790)
3(360 917 915)
3(360 915 758)
3(360 758 917)
3(922 353 753)
3(753 353 920)
3(922 920 353)
3(539 187 587)
3(570 587 187)
3(539 587 570)
3(932 801 430)
3(932 430 599)
3(801 599 430)
3(188 79 967)
3(967 79 572)
3(188 967 572)
3(684 274 440)
3(684 440 343)
3(684 343 274)
3(936 539 77)
3(587 77 539)
3(936 587 539)
3(328 955 558)
3(470 558 955)
3(470 955 328)
3(366 365 771)
3(366 771 378)
3(365 378 771)
3(589 79 188)
3(589 188 80)
3(379 780 387)
3(378 387 780)
3(379 378 780)
3(965 459 547)
3(965 206 459)
3(965 547 206)
3(822 98 420)
3(420 98 821)
3(822 420 821)
3(948 343 684)
3(948 947 343)
3(947 684 343)
3(202 420 821)
3(517 202 821)
3(517 821 420)
3(498 480 900)
3(247 900 480)
3(247 498 900)
3(927 778 484)
3(927 484 757)
3(778 757 484)
3(967 559 959)
3(967 188 559)
3(967 959 188)
3(959 559 188)
3(757 484 476)
3(757 476 285)
3(757 285 484)
3(539 936 572)
3(936 447 572)
3(539 447 936)
3(301 873 328)
3(301 299 873)
3(328 873 299)
3(80 453 845)
3(81 845 453)
3(754 965 547)
3(965 837 547)
3(754 547 837)
3(498 796 900)
3(498 900 975)
3(498 975 796)
3(498 946 900)
3(498 796 946)
3(517 917 920)
3(517 821 917)
3(517 920 821)
3(846 451 853)
3(846 847 451)
3(847 853 451)
3(76 587 187)
3(973 76 187)
3(973 187 587)
3(590 82 450)
3(590 450 83)
3(554 777 454)
3(454 777 565)
3(554 565 777)
3(544 775 675)
3(811 775 544)
3(811 544 675)
3(589 967 188)
3(515 517 917)
3(517 360 917)
3(515 917 360)
3(603 97 205)
3(205 97 822)
3(603 205 822)
3(772 777 554)
3(733 772 554)
3(733 554 777)
3(772 446 445)
3(772 468 446)
3(772 445 468)
3(955 328 958)
3(955 873 328)
3(873 958 328)
3(213 480 900)
3(498 213 900)
3(387 790 388)
3(387 560 790)
3(560 388 790)
3(939 473 889)
3(939 934 473)
3(934 889 473)
3(889 269 271)
3(889 473 269)
3(889 271 473)
3(909 511 611)
3(793 511 909)
3(793 611 511)
3(787 215 385)
3(787 385 386)
3(787 386 215)
3(848 847 537)
3(590 848 537)
3(590 537 847)
3(420 205 822)
3(420 822 518)
3(205 518 822)
3(383 785 563)
3(371 785 383)
3(371 563 785)
3(558 847 451)
3(537 847 558)
3(537 451 847)
3(962 570 563)
3(962 442 570)
3(962 563 442)
3(801 381 430)
3(801 357 381)
3(801 430 357)
3(929 854 529)
3(949 929 529)
3(949 529 854)
3(209 411 799)
3(412 209 799)
3(412 799 411)
3(379 909 511)
3(395 511 909)
3(379 395 909)
3(544 775 405)
3(405 775 530)
3(544 530 775)
3(72 838 449)
3(72 449 629)
3(838 629 449)
3(947 757 476)
3(757 683 476)
3(947 476 683)
3(683 479 476)
3(683 440 479)
3(683 476 440)
3(551 949 529)
3(356 529 949)
3(356 949 551)
3(927 484 546)
3(927 548 484)
3(927 546 548)
3(742 733 468)
3(742 468 704)
3(733 704 468)
3(885 277 278)
3(885 278 273)
3(885 273 277)
3(760 361 758)
3(759 758 361)
3(759 361 760)
3(938 541 74)
3(605 74 541)
3(938 605 541)
3(916 629 582)
3(985 916 582)
3(985 582 629)
3(973 563 785)
3(973 962 563)
3(962 785 563)
3(209 384 799)
3(384 411 799)
3(78 936 539)
3(431 603 97)
3(431 205 603)
3(605 203 73)
3(838 73 203)
3(605 838 203)
3(333 747 334)
3(345 334 747)
3(333 345 747)
3(514 793 915)
3(514 915 910)
3(514 910 793)
3(85 455 591)
3(85 591 456)
3(591 455 456)
3(752 411 799)
3(759 799 411)
3(759 411 752)
3(431 603 96)
3(560 210 964)
3(481 964 210)
3(481 560 964)
3(329 733 468)
3(468 733 554)
3(329 554 733)
3(365 760 771)
3(770 760 365)
3(770 365 771)
3(177 197 176)
3(599 176 197)
3(177 599 197)
3(742 772 468)
3(733 468 772)
3(605 972 573)
3(605 573 977)
3(972 977 573)
3(929 551 457)
3(929 549 551)
3(929 457 549)
3(447 966 444)
3(570 966 447)
3(570 444 966)
3(931 928 278)
3(885 278 928)
3(885 931 278)
3(63 458 940)
3(63 940 64)
3(64 940 458)
3(690 291 293)
3(690 292 291)
3(690 293 292)
3(789 560 964)
3(964 560 790)
3(789 790 560)
3(783 966 447)
3(783 447 936)
3(966 936 447)
3(924 524 755)
3(924 923 524)
3(755 524 923)
3(290 761 291)
3(290 551 761)
3(291 761 551)
3(282 284 755)
3(282 755 524)
3(284 524 755)
3(733 468 306)
3(733 306 329)
3(587 570 962)
3(587 966 570)
3(966 962 570)
3(202 517 917)
3(202 917 515)
3(929 949 551)
3(949 761 551)
3(929 551 761)
3(388 790 780)
3(388 780 791)
3(754 721 352)
3(730 352 721)
3(730 754 352)
3(675 673 418)
3(676 418 673)
3(676 675 418)
3(782 462 382)
3(782 332 462)
3(782 382 332)
3(75 383 938)
3(785 938 383)
3(75 785 383)
3(364 972 573)
3(972 383 573)
3(364 383 972)
3(346 753 758)
3(346 752 753)
3(346 758 752)
3(541 383 938)
3(541 938 75)
3(353 517 917)
3(920 517 353)
3(920 353 917)
3(511 514 793)
3(366 793 514)
3(366 511 793)
3(864 364 462)
3(331 864 462)
3(331 364 864)
3(959 777 554)
3(959 554 772)
3(915 515 604)
3(917 604 515)
3(917 515 915)
3(334 747 922)
3(334 922 753)
3(334 753 747)
3(752 411 751)
3(799 751 411)
3(386 792 458)
3(458 792 540)
3(386 540 792)
3(384 770 365)
3(533 365 770)
3(384 533 770)
3(587 187 77)
3(510 611 102)
3(510 102 906)
3(510 906 611)
3(449 838 203)
3(203 838 576)
3(449 576 838)
3(99 420 821)
3(202 99 821)
3(384 759 411)
3(361 411 759)
3(384 361 759)
3(285 683 479)
3(476 683 285)
3(191 929 529)
3(457 529 929)
3(457 929 191)
3(878 279 268)
3(878 268 269)
3(878 269 279)
3(868 442 443)
3(868 444 442)
3(868 443 444)
3(458 982 792)
3(792 982 386)
3(458 386 982)
3(409 410 797)
3(408 797 410)
3(408 409 797)
3(797 409 617)
3(791 409 797)
3(791 617 409)
3(783 447 446)
3(559 447 783)
3(559 783 446)
3(494 482 931)
3(931 482 359)
3(494 931 359)
3(872 951 293)
3(690 293 951)
3(690 872 293)
3(382 985 582)
3(576 985 382)
3(576 582 985)
3(954 561 565)
3(954 565 469)
3(954 469 561)
3(291 688 290)
3(688 275 290)
3(291 275 688)
3(762 357 322)
3(762 322 332)
3(762 332 357)
3(783 444 446)
3(783 447 444)
3(476 484 947)
3(476 947 370)
3(947 484 370)
3(522 519 603)
3(519 431 603)
3(522 603 431)
3(281 280 677)
3(677 280 277)
3(281 677 277)
3(345 411 752)
3(346 345 752)
3(346 752 411)
3(482 674 273)
3(271 674 482)
3(271 273 674)
3(288 682 333)
3(288 287 682)
3(287 333 682)
3(445 446 773)
3(773 446 444)
3(445 773 444)
3(763 785 371)
3(774 763 371)
3(774 371 785)
3(442 774 441)
3(441 774 371)
3(442 371 774)
3(928 826 355)
3(928 516 826)
3(928 355 516)
3(826 516 355)
3(938 383 972)
3(785 972 383)
3(607 861 540)
3(607 540 792)
3(861 792 540)
3(364 763 371)
3(763 340 371)
3(364 340 763)
3(515 362 915)
3(362 514 915)
3(515 915 514)
3(938 573 383)
3(938 541 573)
3(387 388 780)
3(388 379 780)
3(170 505 912)
3(170 171 505)
3(171 912 505)
3(934 363 494)
3(831 934 494)
3(831 363 934)
3(831 494 363)
3(853 451 208)
3(853 208 452)
3(853 452 451)
3(605 203 573)
3(541 203 605)
3(541 605 573)
3(928 926 280)
3(677 280 926)
3(677 928 280)
3(934 931 482)
3(931 674 482)
3(934 482 674)
3(677 281 282)
3(677 282 280)
3(868 774 442)
3(962 868 442)
3(962 442 774)
3(322 762 461)
3(461 762 357)
3(378 780 779)
3(378 771 780)
3(378 779 771)
3(950 690 291)
3(293 690 950)
3(293 950 291)
3(288 351 911)
3(351 284 911)
3(288 911 284)
3(482 934 494)
3(934 931 494)
3(445 772 773)
3(773 772 446)
3(443 868 441)
3(441 868 442)
3(966 773 444)
3(966 444 868)
3(773 868 444)
3(910 604 419)
3(100 419 604)
3(910 419 100)
3(293 295 872)
3(293 872 294)
3(294 872 295)
3(762 801 357)
3(762 357 781)
3(801 781 357)
3(909 511 906)
3(611 906 511)
3(211 419 910)
3(419 514 910)
3(211 910 514)
3(634 583 988)
3(583 986 988)
3(634 988 986)
3(634 986 583)
3(574 785 383)
3(574 75 785)
3(415 675 418)
3(675 544 418)
3(415 544 675)
3(228 912 386)
3(228 505 912)
3(386 912 505)
3(598 542 521)
3(598 376 542)
3(598 521 376)
3(878 764 279)
3(764 939 279)
3(878 279 939)
3(363 473 934)
3(934 473 494)
3(778 484 546)
3(778 546 927)
3(805 865 490)
3(718 805 490)
3(718 490 865)
3(63 628 228)
3(62 628 63)
3(62 228 628)
3(285 743 268)
3(479 268 743)
3(479 743 285)
3(776 775 405)
3(963 405 775)
3(776 405 963)
3(395 217 906)
3(395 906 510)
3(217 510 906)
3(351 522 923)
3(524 923 522)
3(524 351 923)
3(296 729 470)
3(295 470 729)
3(295 729 296)
3(757 285 743)
3(764 743 285)
3(757 764 285)
3(78 572 967)
3(452 954 561)
3(565 954 452)
3(205 822 98)
3(682 334 747)
3(682 922 334)
3(515 604 910)
3(515 910 915)
3(283 678 282)
3(283 284 678)
3(284 282 678)
3(688 690 291)
3(950 688 291)
3(682 287 680)
3(680 287 681)
3(682 681 287)
3(678 680 283)
3(678 283 679)
3(283 680 679)
3(409 617 795)
3(409 795 797)
3(940 792 458)
3(982 940 458)
3(199 809 404)
3(403 404 809)
3(199 403 809)
3(445 870 464)
3(443 464 870)
3(443 870 445)
3(574 785 563)
3(217 104 617)
3(217 617 103)
3(679 344 676)
3(676 344 811)
3(679 811 344)
3(511 366 909)
3(366 379 909)
3(685 261 274)
3(685 263 261)
3(685 274 263)
3(732 864 331)
3(731 331 864)
3(731 732 331)
3(469 722 301)
3(304 301 722)
3(304 722 469)
3(678 281 677)
3(676 281 678)
3(676 677 281)
3(743 268 279)
3(743 279 285)
3(685 274 684)
3(686 684 274)
3(685 686 274)
3(340 739 441)
3(739 460 441)
3(340 460 739)
3(340 331 731)
3(340 731 321)
3(321 731 331)
3(972 364 864)
3(972 763 364)
3(763 864 364)
3(835 443 441)
3(835 441 323)
3(835 323 443)
3(885 677 277)
3(673 885 277)
3(673 277 677)
3(682 747 333)
3(333 747 746)
3(682 333 746)
3(319 863 461)
3(319 322 863)
3(461 863 322)
3(332 322 732)
3(332 732 331)
3(732 322 331)
3(352 754 547)
3(547 754 466)
3(352 466 754)
3(977 462 782)
3(864 782 462)
3(977 864 462)
3(524 755 926)
3(524 926 924)
3(345 752 751)
3(345 747 752)
3(345 751 747)
3(687 275 483)
3(687 483 263)
3(687 263 275)
3(404 963 199)
3(404 405 963)
3(405 199 963)
3(282 926 678)
3(282 678 677)
3(282 677 926)
3(282 281 678)
3(281 283 678)
3(296 729 299)
3(299 729 470)
3(344 679 283)
3(402 283 679)
3(344 402 679)
3(558 847 561)
3(451 561 847)
3(515 360 915)
3(360 362 915)
3(392 490 805)
3(503 805 490)
3(392 805 503)
3(854 86 191)
3(854 191 87)
3(835 441 774)
3(739 774 441)
3(835 739 441)
3(912 982 228)
3(386 982 912)
3(386 228 982)
3(273 671 276)
3(272 671 273)
3(272 276 671)
3(691 694 294)
3(691 294 872)
3(694 872 294)
3(599 197 584)
3(599 430 197)
3(599 584 430)
3(674 885 273)
3(885 671 273)
3(674 273 671)
3(74 605 203)
3(276 418 673)
3(276 673 277)
3(277 673 418)
3(763 739 340)
3(763 340 731)
3(739 731 340)
3(281 676 344)
3(281 418 676)
3(344 676 418)
3(688 275 687)
3(688 686 275)
3(686 687 275)
3(722 954 469)
3(954 958 469)
3(722 469 958)
3(846 208 82)
3(846 81 208)
3(835 868 443)
3(870 835 443)
3(870 443 868)
3(678 282 755)
3(926 755 282)
3(284 283 680)
3(284 680 287)
3(283 287 680)
3(972 573 938)
3(605 938 573)
3(689 292 690)
3(691 690 292)
3(689 691 292)
3(489 691 294)
3(691 292 294)
3(489 292 691)
3(133 480 991)
3(133 881 480)
3(133 991 881)
3(480 881 991)
3(133 23 991)
3(480 23 133)
3(480 991 23)
3(780 790 387)
3(780 387 789)
3(789 387 790)
3(669 271 270)
3(669 272 271)
3(669 270 272)
3(838 449 73)
3(669 889 271)
3(889 674 271)
3(669 271 674)
3(784 734 530)
3(734 776 530)
3(784 530 776)
3(762 974 357)
3(801 357 974)
3(23 620 991)
3(220 620 23)
3(220 23 991)
3(220 991 620)
3(23 620 133)
3(133 620 991)
3(961 853 452)
3(961 452 954)
3(378 779 579)
3(533 579 779)
3(378 533 779)
3(402 681 287)
3(350 287 681)
3(402 350 681)
3(20 990 621)
3(221 621 990)
3(20 621 221)
3(20 221 990)
3(865 490 740)
3(805 740 490)
3(696 729 296)
3(694 696 296)
3(694 296 729)
3(732 781 332)
3(732 332 782)
3(781 782 332)
3(615 170 505)
3(912 615 505)
3(234 634 583)
3(234 583 988)
3(234 988 634)
3(483 689 292)
3(275 689 483)
3(275 292 689)
3(78 936 572)
3(217 795 617)
3(104 795 217)
3(130 20 990)
3(130 621 20)
3(130 990 621)
3(409 388 797)
3(388 410 797)
3(333 334 682)
3(334 288 682)
3(269 668 270)
3(267 270 668)
3(267 668 269)
3(880 267 268)
3(880 268 265)
3(880 265 267)
3(681 402 679)
3(679 402 807)
3(681 807 402)
3(755 284 680)
3(755 911 284)
3(680 284 911)
3(742 870 445)
3(773 742 445)
3(773 445 870)
3(468 742 308)
3(445 308 742)
3(445 742 468)
3(296 297 694)
3(694 297 294)
3(296 694 294)
3(733 702 306)
3(702 704 306)
3(733 306 704)
3(130 492 990)
3(130 20 492)
3(492 20 990)
3(665 262 440)
3(665 261 262)
3(665 440 261)
3(743 878 268)
3(743 268 880)
3(878 880 268)
3(742 704 308)
3(704 867 308)
3(742 308 867)
3(690 688 292)
3(689 292 688)
3(299 298 696)
3(299 696 296)
3(696 298 296)
3(210 387 789)
3(496 789 387)
3(496 210 789)
3(878 269 668)
3(889 668 269)
3(878 889 269)
3(870 867 464)
3(867 720 464)
3(870 464 720)
3(574 973 563)
3(574 785 973)
3(702 306 305)
3(304 702 305)
3(304 306 702)
3(782 916 382)
3(916 985 382)
3(782 382 985)
3(450 846 208)
3(450 82 846)
3(350 413 746)
3(413 333 746)
3(350 746 333)
3(530 734 416)
3(530 415 734)
3(416 734 415)
3(489 689 292)
3(483 689 489)
3(412 345 751)
3(412 751 413)
3(345 413 751)
3(867 464 309)
3(308 867 309)
3(308 464 867)
3(203 977 573)
3(576 573 977)
3(576 977 203)
3(479 664 265)
3(262 265 664)
3(262 664 479)
3(308 307 704)
3(306 704 307)
3(308 704 306)
3(292 291 688)
3(743 683 285)
3(757 285 683)
3(300 698 301)
3(300 299 698)
3(301 698 299)
3(739 862 460)
3(739 460 717)
3(862 717 460)
3(673 672 276)
3(671 673 276)
3(671 276 672)
3(261 440 685)
3(685 440 274)
3(862 323 720)
3(862 835 323)
3(835 720 323)
3(720 323 312)
3(464 720 312)
3(464 323 720)
3(665 684 440)
3(665 440 683)
3(684 683 440)
3(395 617 906)
3(217 906 617)
3(395 217 617)
3(700 304 302)
3(301 700 302)
3(301 304 700)
3(717 321 731)
3(719 731 321)
3(717 719 321)
3(670 672 414)
3(819 414 672)
3(819 670 414)
3(862 314 323)
3(862 323 460)
3(862 460 314)
3(275 686 290)
3(274 290 686)
3(274 686 275)
3(101 419 910)
3(101 910 211)
3(672 675 415)
3(734 415 675)
3(734 672 415)
3(203 977 605)
3(669 671 272)
3(670 669 272)
3(670 272 671)
3(717 460 321)
3(717 316 460)
3(717 321 316)
3(683 479 664)
3(743 664 479)
3(683 743 479)
3(322 319 719)
3(322 719 321)
3(719 319 321)
3(665 262 479)
3(665 479 440)
3(298 694 296)
3(297 694 298)
3(787 982 386)
3(787 386 792)
3(268 664 265)
3(268 479 664)
3(667 668 270)
3(668 669 270)
3(667 270 669)
3(772 468 554)
3(772 554 446)
3(836 176 448)
3(599 448 176)
3(599 836 448)
3(888 990 221)
3(888 221 621)
3(888 621 990)
3(403 807 404)
3(402 404 807)
3(403 402 807)
3(872 295 953)
3(729 953 295)
3(872 729 295)
3(404 811 809)
3(404 775 811)
3(404 809 775)
3(419 515 604)
3(910 515 419)
3(948 856 370)
3(947 370 856)
3(947 948 370)
3(492 990 888)
3(492 888 130)
3(130 888 990)
3(692 489 691)
3(693 691 489)
3(692 693 489)
3(485 490 805)
3(485 805 392)
3(462 364 972)
3(462 972 573)
3(559 967 447)
3(559 572 967)
3(447 967 572)
3(880 267 662)
3(668 662 267)
3(880 668 267)
3(291 688 761)
3(761 688 290)
3(874 689 483)
3(689 687 483)
3(874 483 687)
3(667 429 286)
3(667 270 429)
3(667 286 270)
3(687 263 744)
3(685 744 263)
3(687 685 263)
3(691 689 489)
3(689 692 489)
3(691 294 297)
3(691 297 489)
3(974 837 466)
3(974 466 801)
3(837 801 466)
3(819 417 416)
3(819 414 417)
3(819 416 414)
3(874 477 483)
3(367 477 874)
3(367 874 483)
3(721 352 863)
3(754 863 352)
3(816 819 417)
3(784 417 819)
3(784 816 417)
3(271 668 270)
3(269 668 271)
3(696 299 873)
3(696 698 299)
3(698 873 299)
3(259 263 744)
3(477 744 263)
3(259 744 477)
3(939 473 878)
3(889 878 473)
3(692 489 367)
3(692 367 483)
3(692 483 489)
3(668 880 269)
3(880 878 269)
3(300 696 299)
3(298 696 300)
3(871 700 304)
3(700 702 304)
3(871 304 702)
3(804 740 503)
3(740 805 503)
3(804 503 805)
3(878 279 743)
3(779 780 387)
3(779 387 789)
3(685 261 833)
3(665 833 261)
3(685 665 261)
3(689 275 687)
3(689 688 275)
3(694 693 297)
3(693 695 297)
3(694 297 695)
3(845 589 453)
3(589 80 453)
3(263 874 477)
3(263 483 874)
3(662 429 267)
3(662 267 266)
3(662 266 429)
3(431 824 432)
3(96 432 824)
3(431 96 824)
3(519 522 923)
3(351 519 923)
3(729 696 299)
3(729 299 873)
3(692 491 367)
3(692 489 491)
3(696 695 298)
3(695 697 298)
3(696 298 697)
3(874 692 483)
3(689 483 692)
3(762 732 322)
3(719 762 322)
3(719 322 732)
3(526 639 989)
3(239 526 989)
3(239 639 526)
3(239 989 639)
3(977 838 203)
3(833 260 261)
3(259 833 261)
3(259 260 833)
3(694 691 297)
3(691 693 297)
3(187 973 574)
3(675 544 734)
3(544 775 734)
3(726 692 367)
3(726 367 874)
3(692 874 367)
3(661 664 265)
3(664 880 265)
3(661 265 880)
3(665 262 663)
3(664 663 262)
3(665 664 262)
3(880 664 268)
3(743 268 664)
3(522 824 432)
3(522 431 824)
3(269 880 267)
3(268 880 269)
3(693 491 715)
3(692 715 491)
3(693 692 491)
3(744 874 263)
3(874 687 263)
3(820 667 286)
3(667 670 286)
3(820 286 670)
3(261 744 259)
3(261 263 744)
3(764 279 743)
3(705 309 867)
3(705 708 309)
3(708 867 309)
3(307 702 306)
3(307 305 702)
3(661 266 265)
3(661 265 264)
3(661 264 266)
3(665 479 664)
3(665 683 479)
3(701 305 702)
3(703 702 305)
3(701 703 305)
3(704 703 307)
3(704 307 705)
3(703 705 307)
3(28 27 914)
3(496 28 914)
3(496 914 27)
3(663 264 262)
3(663 262 260)
3(663 260 264)
3(720 708 312)
3(708 710 312)
3(720 312 710)
3(491 693 297)
3(489 297 693)
3(489 693 491)
3(723 341 740)
3(723 865 341)
3(865 740 341)
3(362 514 793)
3(915 362 793)
3(722 698 301)
3(698 700 301)
3(722 301 700)
3(696 694 298)
3(694 695 298)
3(666 662 429)
3(666 429 667)
3(662 667 429)
3(761 948 290)
3(948 686 290)
3(761 290 686)
3(695 298 493)
3(695 493 297)
3(695 297 298)
3(875 695 493)
3(875 493 693)
3(695 693 493)
3(257 367 726)
3(347 726 367)
3(257 726 347)
3(832 876 426)
3(886 426 876)
3(886 832 426)
3(742 464 870)
3(742 867 464)
3(862 710 314)
3(712 314 710)
3(712 862 314)
3(302 698 301)
3(302 300 698)
3(833 260 262)
3(833 262 261)
3(511 211 793)
3(514 793 211)
3(311 708 312)
3(309 708 311)
3(309 312 708)
3(309 704 308)
3(309 307 704)
3(712 716 316)
3(717 712 316)
3(717 316 716)
3(491 693 493)
3(493 693 297)
3(804 478 503)
3(804 503 196)
3(804 196 478)
3(392 806 391)
3(478 391 806)
3(478 806 392)
3(726 715 367)
3(715 692 367)
3(710 314 313)
3(710 313 312)
3(710 312 314)
3(551 290 948)
3(948 290 356)
3(551 948 356)
3(362 366 793)
3(867 464 312)
3(867 312 309)
3(305 700 304)
3(305 302 700)
3(833 744 261)
3(685 261 744)
3(396 820 286)
3(417 820 396)
3(417 286 820)
3(315 712 316)
3(314 712 315)
3(314 316 712)
3(477 726 257)
3(477 367 726)
3(705 309 310)
3(705 307 309)
3(705 310 307)
3(221 888 492)
3(221 492 990)
3(665 685 440)
3(685 684 440)
3(722 873 301)
3(698 301 873)
3(894 806 392)
3(805 392 806)
3(805 894 392)
3(317 316 716)
3(716 316 319)
3(317 716 319)
3(695 493 877)
3(875 877 493)
3(666 820 396)
3(820 813 396)
3(666 396 813)
3(693 491 875)
3(715 875 491)
3(670 272 286)
3(670 414 272)
3(670 286 414)
3(461 324 863)
3(863 324 319)
3(835 441 868)
3(774 868 441)
3(352 324 863)
3(352 863 461)
3(191 854 529)
3(191 929 854)
3(307 467 703)
3(307 703 305)
3(703 467 305)
3(323 314 720)
3(720 314 312)
3(833 262 663)
3(833 665 262)
3(396 429 666)
3(336 666 429)
3(396 666 336)
3(762 732 332)
3(526 933 989)
3(639 933 526)
3(639 989 933)
3(669 668 271)
3(889 271 668)
3(722 700 304)
3(722 304 871)
3(704 308 468)
3(953 729 470)
3(955 953 470)
3(955 470 729)
3(663 264 265)
3(262 663 265)
3(699 434 300)
3(302 434 699)
3(302 699 300)
3(876 303 434)
3(876 428 303)
3(876 434 428)
3(715 347 491)
3(368 715 491)
3(368 347 715)
3(697 300 698)
3(697 699 300)
3(699 698 300)
3(209 788 384)
3(209 475 788)
3(475 384 788)
3(853 846 208)
3(451 208 846)
3(367 715 347)
3(367 491 715)
3(858 886 427)
3(859 858 427)
3(859 427 886)
3(661 663 265)
3(663 664 265)
3(660 661 266)
3(661 662 266)
3(660 266 662)
3(865 713 463)
3(713 711 463)
3(865 463 711)
3(697 303 298)
3(697 298 300)
3(697 300 303)
3(303 695 298)
3(493 695 303)
3(699 302 700)
3(701 700 302)
3(699 701 302)
3(728 875 368)
3(875 715 368)
3(728 368 715)
3(662 661 267)
3(661 880 267)
3(667 662 270)
3(662 668 270)
3(874 891 477)
3(726 477 891)
3(726 874 477)
3(477 256 891)
3(891 256 259)
3(477 891 259)
3(267 661 266)
3(267 265 661)
3(324 721 352)
3(324 863 721)
3(496 579 983)
3(204 983 579)
3(204 496 983)
3(702 700 305)
3(701 305 700)
3(867 704 309)
3(705 309 704)
3(56 478 907)
3(57 907 478)
3(56 907 57)
3(704 702 307)
3(703 307 702)
3(381 577 801)
3(430 801 577)
3(875 493 368)
3(875 491 493)
3(875 368 491)
3(662 429 270)
3(267 662 270)
3(977 576 462)
3(977 462 573)
3(871 702 306)
3(733 871 306)
3(577 381 978)
3(978 381 508)
3(577 978 508)
3(715 347 727)
3(715 726 347)
3(726 727 347)
3(659 663 264)
3(663 661 264)
3(659 264 661)
3(706 310 705)
3(707 705 310)
3(706 707 310)
3(445 742 464)
3(336 266 660)
3(289 660 266)
3(336 660 289)
3(348 368 728)
3(369 728 368)
3(348 728 369)
3(607 65 64)
3(607 206 65)
3(607 64 206)
3(720 867 312)
3(708 312 867)
3(708 707 311)
3(707 709 311)
3(708 311 709)
3(816 417 396)
3(816 396 397)
3(816 397 417)
3(781 357 332)
3(381 357 781)
3(381 781 332)
3(279 764 354)
3(279 354 939)
3(764 939 354)
3(382 782 576)
3(462 576 782)
3(713 463 723)
3(865 723 463)
3(948 343 686)
3(684 686 343)
3(958 954 561)
3(452 958 561)
3(688 686 290)
3(678 284 680)
3(678 755 284)
3(384 788 759)
3(384 759 770)
3(384 770 788)
3(891 257 256)
3(891 477 257)
3(705 309 311)
3(705 311 310)
3(862 720 314)
3(720 710 314)
3(874 744 477)
3(744 891 477)
3(258 890 259)
3(260 890 258)
3(260 259 890)
3(727 728 347)
3(728 715 347)
3(768 877 500)
3(768 500 875)
3(877 875 500)
3(313 708 312)
3(313 311 708)
3(718 320 485)
3(718 465 320)
3(718 485 465)
3(465 709 313)
3(311 709 465)
3(311 313 709)
3(659 289 264)
3(659 264 439)
3(659 439 289)
3(864 972 462)
3(890 259 744)
3(890 891 259)
3(891 744 259)
3(503 341 740)
3(401 740 341)
3(503 740 401)
3(884 260 833)
3(884 890 260)
3(890 833 260)
3(310 703 307)
3(310 467 703)
3(709 313 710)
3(711 710 313)
3(709 711 313)
3(366 909 793)
3(326 707 311)
3(310 311 707)
3(310 707 326)
3(727 347 335)
3(727 335 257)
3(727 257 347)
3(727 347 348)
3(727 348 335)
3(833 663 260)
3(884 260 663)
3(660 336 812)
3(660 666 336)
3(666 812 336)
3(711 718 320)
3(865 711 320)
3(865 320 718)
3(710 314 315)
3(710 315 313)
3(916 508 913)
3(616 913 508)
3(916 616 508)
3(315 320 711)
3(315 711 313)
3(313 711 320)
3(439 884 260)
3(264 884 439)
3(264 260 884)
3(376 941 363)
3(354 363 941)
3(354 941 376)
3(746 756 350)
3(746 350 681)
3(681 350 756)
3(533 945 204)
3(475 204 945)
3(533 475 945)
3(257 255 738)
3(256 738 255)
3(257 738 256)
3(473 279 939)
3(473 878 279)
3(666 660 429)
3(660 662 429)
3(458 63 628)
3(458 628 228)
3(821 202 917)
3(821 604 202)
3(917 202 604)
3(711 709 320)
3(709 718 320)
3(305 318 701)
3(305 701 302)
3(701 318 302)
3(404 807 809)
3(404 811 807)
3(439 884 258)
3(258 884 260)
3(726 738 257)
3(738 727 257)
3(726 257 727)
3(404 811 544)
3(344 544 811)
3(404 344 811)
3(865 463 490)
3(865 320 463)
3(865 490 320)
3(659 289 658)
3(659 660 289)
3(660 658 289)
3(258 890 256)
3(256 890 259)
3(369 500 768)
3(369 768 513)
3(513 768 500)
3(659 884 264)
3(884 663 264)
3(728 768 368)
3(875 368 768)
3(102 211 611)
3(510 611 211)
3(744 833 259)
3(890 259 833)
3(845 846 208)
3(853 845 208)
3(317 712 316)
3(315 712 317)
3(708 705 311)
3(707 311 705)
3(713 317 463)
3(315 317 713)
3(315 713 463)
3(951 872 295)
3(953 951 295)
3(368 875 500)
3(500 875 493)
3(202 419 604)
3(202 604 100)
3(711 315 712)
3(713 712 315)
3(711 713 315)
3(705 703 310)
3(703 706 310)
3(628 982 228)
3(912 628 228)
3(660 659 266)
3(659 661 266)
3(289 266 659)
3(659 266 264)
3(854 86 456)
3(191 854 456)
3(736 341 740)
3(736 723 341)
3(696 300 698)
3(696 697 300)
3(464 308 742)
3(804 803 503)
3(740 503 803)
3(292 275 688)
3(773 783 444)
3(446 783 773)
3(429 660 336)
3(429 266 660)
3(710 708 313)
3(708 709 313)
3(876 769 428)
3(886 428 769)
3(886 876 428)
3(579 779 983)
3(579 983 945)
3(579 945 779)
3(348 347 728)
3(728 347 368)
3(202 99 604)
3(337 706 310)
3(706 467 310)
3(337 467 706)
3(465 342 866)
3(465 866 326)
3(326 866 342)
3(810 256 254)
3(810 254 258)
3(810 258 256)
3(884 439 656)
3(884 659 439)
3(659 656 439)
3(724 326 707)
3(866 707 326)
3(724 866 326)
3(465 707 311)
3(465 326 707)
3(356 948 856)
3(356 856 370)
3(356 370 948)
3(865 463 341)
3(865 341 490)
3(313 320 709)
3(465 709 320)
3(286 666 396)
3(286 429 666)
3(579 789 983)
3(579 779 789)
3(700 698 302)
3(699 302 698)
3(912 386 787)
3(659 289 656)
3(658 656 289)
3(866 709 465)
3(709 707 465)
3(866 465 707)
3(712 710 315)
3(711 315 710)
3(803 736 401)
3(736 740 401)
3(803 401 740)
3(863 719 319)
3(716 319 719)
3(716 863 319)
3(394 749 348)
3(394 335 749)
3(749 335 348)
3(706 310 326)
3(706 326 337)
3(426 427 886)
3(428 886 427)
3(426 886 428)
3(658 660 336)
3(812 658 336)
3(884 439 657)
3(656 657 439)
3(392 806 390)
3(390 806 391)
3(323 464 870)
3(323 870 443)
3(893 750 436)
3(794 436 750)
3(794 893 436)
3(533 779 945)
3(533 770 779)
3(533 945 770)
3(709 465 718)
3(866 718 465)
3(728 749 348)
3(750 348 749)
3(750 728 348)
3(707 706 326)
3(706 724 326)
3(810 256 891)
3(810 738 256)
3(738 891 256)
3(487 657 258)
3(258 657 439)
3(487 439 657)
3(394 749 436)
3(436 749 348)
3(890 657 258)
3(657 810 258)
3(890 258 810)
3(211 101 611)
3(910 211 611)
3(485 342 866)
3(485 866 465)
3(977 985 576)
3(838 977 576)
3(838 576 985)
3(742 772 445)
3(463 711 315)
3(463 320 711)
3(869 714 434)
3(714 832 434)
3(869 434 832)
3(713 716 317)
3(716 712 317)
3(713 317 712)
3(657 258 254)
3(657 254 487)
3(884 657 258)
3(890 884 258)
3(728 727 348)
3(727 749 348)
3(907 56 391)
3(478 907 391)
3(588 44 154)
3(651 154 44)
3(651 44 588)
3(337 339 766)
3(337 766 425)
3(425 766 339)
3(746 413 897)
3(413 751 897)
3(746 751 413)
3(48 595 438)
3(193 595 48)
3(193 438 595)
3(257 335 738)
3(738 335 255)
3(164 839 53)
3(53 839 163)
3(761 948 551)
3(134 480 133)
3(134 881 480)
3(794 436 193)
3(794 394 436)
3(794 193 394)
3(163 207 162)
3(841 162 207)
3(163 841 207)
3(588 44 155)
3(23 22 620)
3(220 620 22)
3(651 153 44)
3(133 22 620)
3(255 253 902)
3(902 253 254)
3(255 902 254)
3(162 53 207)
3(163 207 53)
3(24 480 133)
3(24 134 480)
3(738 257 891)
3(726 891 257)
3(893 859 437)
3(769 893 437)
3(769 437 859)
3(741 342 724)
3(866 724 342)
3(741 866 342)
3(337 725 766)
3(766 725 339)
3(337 339 725)
3(750 436 437)
3(437 436 893)
3(750 437 893)
3(132 22 620)
3(401 803 196)
3(400 803 401)
3(400 196 803)
3(326 338 724)
3(326 724 337)
3(337 724 338)
3(863 719 322)
3(842 588 186)
3(155 842 186)
3(155 186 588)
3(803 786 401)
3(786 736 401)
3(392 804 478)
3(392 503 804)
3(52 207 162)
3(820 666 286)
3(666 667 286)
3(50 857 51)
3(50 190 857)
3(51 857 190)
3(699 434 714)
3(699 714 300)
3(714 434 300)
3(490 485 718)
3(490 718 320)
3(713 721 317)
3(721 716 317)
3(901 335 471)
3(901 471 255)
3(901 255 335)
3(44 588 251)
3(651 44 251)
3(651 251 588)
3(160 857 51)
3(160 50 857)
3(51 161 857)
3(252 748 254)
3(487 748 252)
3(487 254 748)
3(842 45 186)
3(406 45 842)
3(406 842 186)
3(740 490 341)
3(503 490 740)
3(342 338 724)
3(342 724 326)
3(834 703 467)
3(703 701 467)
3(834 467 701)
3(162 594 52)
3(161 52 594)
3(223 623 112)
3(223 113 623)
3(713 325 463)
3(713 317 325)
3(255 810 256)
3(255 254 810)
3(844 588 186)
3(844 186 842)
3(655 657 487)
3(656 487 657)
3(656 655 487)
3(324 325 721)
3(317 721 325)
3(324 721 317)
3(469 301 873)
3(469 873 328)
3(766 832 425)
3(767 766 425)
3(767 425 832)
3(155 842 45)
3(155 45 186)
3(735 724 338)
3(724 725 338)
3(735 338 725)
3(47 895 435)
3(47 435 608)
3(47 608 895)
3(895 608 435)
3(192 421 840)
3(389 840 421)
3(192 840 389)
3(748 902 254)
3(748 254 810)
3(902 810 254)
3(21 20 621)
3(221 21 621)
3(43 44 651)
3(43 651 153)
3(842 46 45)
3(842 406 46)
3(131 20 621)
3(131 621 21)
3(422 735 389)
3(389 735 338)
3(422 338 735)
3(253 902 471)
3(471 902 255)
3(161 594 190)
3(594 857 190)
3(161 190 857)
3(750 436 369)
3(437 750 369)
3(895 193 47)
3(895 435 193)
3(156 842 45)
3(842 46 156)
3(706 703 467)
3(834 706 467)
3(253 748 254)
3(252 748 253)
3(202 515 604)
3(50 860 159)
3(50 160 860)
3(46 608 47)
3(46 435 608)
3(629 508 913)
3(629 916 508)
3(844 186 252)
3(844 252 253)
3(844 253 186)
3(242 989 933)
3(642 933 989)
3(242 933 642)
3(242 642 989)
3(843 842 253)
3(406 842 843)
3(406 843 253)
3(406 253 842)
3(186 588 251)
3(186 44 588)
3(192 54 839)
3(839 54 421)
3(192 839 421)
3(782 985 576)
3(977 782 576)
3(164 839 54)
3(53 54 839)
3(46 608 157)
3(157 608 47)
3(161 501 190)
3(594 190 501)
3(161 594 501)
3(768 750 369)
3(750 769 369)
3(768 369 769)
3(750 436 348)
3(750 348 369)
3(54 839 592)
3(592 839 192)
3(54 592 192)
3(690 294 292)
3(690 293 294)
3(701 305 467)
3(701 467 318)
3(213 481 882)
3(25 882 481)
3(25 213 882)
3(901 394 471)
3(901 335 394)
3(843 844 253)
3(844 842 253)
3(341 723 325)
3(463 325 723)
3(463 723 341)
3(608 46 156)
3(842 46 608)
3(43 251 651)
3(404 544 775)
3(405 404 775)
3(655 748 487)
3(748 657 487)
3(902 253 748)
3(406 435 843)
3(842 843 435)
3(406 842 435)
3(387 378 779)
3(579 387 779)
3(794 436 749)
3(750 749 436)
3(844 883 186)
3(588 186 883)
3(54 592 164)
3(165 592 54)
3(58 802 168)
3(58 169 802)
3(588 883 251)
3(651 251 883)
3(186 252 883)
3(844 883 252)
3(190 857 495)
3(857 50 495)
3(26 610 210)
3(26 481 610)
3(481 210 610)
3(843 406 471)
3(843 471 435)
3(235 114 635)
3(235 635 113)
3(768 728 369)
3(750 369 728)
3(471 843 253)
3(389 342 741)
3(389 741 390)
3(390 741 342)
3(597 57 907)
3(907 57 196)
3(597 196 57)
3(597 907 196)
3(49 860 50)
3(49 495 860)
3(50 860 495)
3(899 594 207)
3(594 841 207)
3(899 207 841)
3(435 898 394)
3(471 898 435)
3(471 394 898)
3(159 49 860)
3(608 843 435)
3(842 608 435)
3(858 190 594)
3(858 857 190)
3(55 391 903)
3(56 903 391)
3(55 903 56)
3(860 859 437)
3(893 860 437)
3(251 883 186)
3(251 252 883)
3(765 389 421)
3(765 422 389)
3(765 421 422)
3(895 47 157)
3(654 393 374)
3(654 399 393)
3(654 374 399)
3(738 810 255)
3(902 738 255)
3(902 255 810)
3(894 342 485)
3(894 485 390)
3(894 390 342)
3(907 478 806)
3(804 806 478)
3(907 804 478)
3(803 196 503)
3(803 503 401)
3(890 810 256)
3(891 890 256)
3(836 65 206)
3(448 65 836)
3(448 836 206)
3(190 161 51)
3(51 161 501)
3(48 595 49)
3(49 595 438)
3(844 902 253)
3(844 253 748)
3(832 425 869)
3(766 869 425)
3(727 901 335)
3(749 335 901)
3(749 727 335)
3(706 337 725)
3(834 725 337)
3(706 834 337)
3(810 657 254)
3(657 748 254)
3(843 902 253)
3(905 192 389)
3(905 390 192)
3(905 389 390)
3(869 318 701)
3(834 701 318)
3(869 834 318)
3(193 898 394)
3(435 898 193)
3(303 714 876)
3(876 714 434)
3(303 434 714)
3(898 394 901)
3(749 901 394)
3(898 749 394)
3(748 844 252)
3(209 788 799)
3(384 799 788)
3(374 439 656)
3(487 656 439)
3(374 656 487)
3(190 501 858)
3(594 858 501)
3(893 595 438)
3(595 860 438)
3(893 438 860)
3(858 424 886)
3(858 767 424)
3(767 886 424)
3(902 901 255)
3(738 255 901)
3(869 699 434)
3(794 595 438)
3(893 794 438)
3(714 300 697)
3(423 207 594)
3(594 207 501)
3(423 594 501)
3(594 423 899)
3(899 423 207)
3(802 597 58)
3(168 58 597)
3(471 843 902)
3(49 595 158)
3(49 159 595)
3(323 720 870)
3(877 697 303)
3(697 695 303)
3(877 303 695)
3(883 748 252)
3(748 655 252)
3(883 252 655)
3(382 916 381)
3(382 508 916)
3(381 916 508)
3(615 802 59)
3(615 59 169)
3(169 59 802)
3(415 276 672)
3(414 672 276)
3(415 672 414)
3(877 714 303)
3(714 697 303)
3(162 207 594)
3(53 421 839)
3(877 876 303)
3(413 201 897)
3(201 412 897)
3(413 897 412)
3(615 802 400)
3(59 400 802)
3(59 615 400)
3(843 898 471)
3(898 901 471)
3(843 471 901)
3(898 435 843)
3(176 448 175)
3(836 175 448)
3(438 860 49)
3(438 495 860)
3(594 52 207)
3(594 52 501)
3(858 504 501)
3(858 190 504)
3(60 169 615)
3(59 60 615)
3(768 769 428)
3(876 768 428)
3(741 724 338)
3(735 741 338)
3(724 706 337)
3(725 724 337)
3(898 435 608)
3(840 192 839)
3(840 839 421)
3(794 438 193)
3(794 436 438)
3(342 741 338)
3(741 389 338)
3(765 737 422)
3(899 422 737)
3(899 765 422)
3(471 902 901)
3(860 495 859)
3(857 859 495)
3(860 857 495)
3(237 114 635)
3(237 635 235)
3(765 735 422)
3(735 737 422)
3(869 318 699)
3(701 699 318)
3(876 832 434)
3(237 637 114)
3(237 115 637)
3(840 192 592)
3(876 877 500)
3(876 500 768)
3(655 252 487)
3(913 506 508)
3(913 508 229)
3(913 229 506)
3(424 427 858)
3(424 886 427)
3(515 514 910)
3(766 337 834)
3(48 895 193)
3(47 895 48)
3(343 290 948)
3(343 686 290)
3(625 10 43)
3(625 43 153)
3(436 893 438)
3(438 893 437)
3(965 754 459)
3(861 965 459)
3(861 459 754)
3(48 895 595)
3(595 895 193)
3(737 339 766)
3(737 725 339)
3(840 389 735)
3(741 735 389)
3(840 741 389)
3(762 863 322)
3(461 863 762)
3(786 802 400)
3(786 400 615)
3(421 765 207)
3(421 841 765)
3(421 207 841)
3(765 841 207)
3(691 690 294)
3(727 738 335)
3(738 901 335)
3(558 848 847)
3(558 537 848)
3(165 55 903)
3(903 55 166)
3(423 594 858)
3(423 858 501)
3(289 439 656)
3(289 656 374)
3(158 48 595)
3(58 59 802)
3(2 43 625)
3(10 2 625)
3(607 792 458)
3(607 458 940)
3(54 592 55)
3(55 592 192)
3(899 858 423)
3(341 723 330)
3(330 723 325)
3(858 899 424)
3(767 424 899)
3(903 55 192)
3(903 192 391)
3(769 750 437)
3(432 824 95)
3(48 157 895)
3(803 786 400)
3(401 400 786)
3(858 504 423)
3(338 725 337)
3(338 339 725)
3(635 237 637)
3(765 840 421)
3(765 389 840)
3(327 352 730)
3(327 730 459)
3(730 352 459)
3(895 158 48)
3(422 899 423)
3(422 207 899)
3(165 592 55)
3(166 56 907)
3(56 167 907)
3(699 318 434)
3(699 302 318)
3(595 794 193)
3(895 193 794)
3(781 916 382)
3(781 382 782)
3(675 276 415)
3(675 418 276)
3(58 196 597)
3(58 802 196)
3(802 597 196)
3(818 654 372)
3(658 818 372)
3(658 372 654)
3(495 859 437)
3(495 437 860)
3(395 511 906)
3(395 906 909)
3(411 345 751)
3(411 751 412)
3(768 369 368)
3(768 368 500)
3(57 597 167)
3(168 597 57)
3(857 509 859)
3(857 858 509)
3(858 859 509)
3(469 722 873)
3(423 424 858)
3(423 899 424)
3(58 400 802)
3(749 794 394)
3(289 336 658)
3(905 592 192)
3(592 903 192)
3(905 192 903)
3(504 424 858)
3(735 389 765)
3(437 769 369)
3(422 765 207)
3(736 401 341)
3(736 341 330)
3(736 330 401)
3(737 422 423)
3(737 423 339)
3(737 339 422)
3(306 468 704)
3(916 781 381)
3(781 978 381)
3(916 381 978)
3(730 330 325)
3(730 325 327)
3(730 327 330)
3(840 192 905)
3(898 794 394)
3(540 861 206)
3(459 206 861)
3(459 861 540)
3(803 802 400)
3(718 485 805)
3(718 894 485)
3(894 805 485)
3(116 219 619)
3(641 219 116)
3(641 619 219)
3(839 765 421)
3(841 839 421)
3(423 737 899)
3(966 783 444)
3(796 545 946)
3(796 624 545)
3(946 545 624)
3(907 167 57)
3(656 654 374)
3(656 374 655)
3(654 655 374)
3(478 196 907)
3(535 600 808)
3(535 944 600)
3(535 808 944)
3(353 360 917)
3(656 658 374)
3(654 374 658)
3(389 905 840)
3(509 495 857)
3(509 859 495)
3(776 405 530)
3(776 530 527)
3(776 527 405)
3(390 894 806)
3(390 392 894)
3(794 898 193)
3(895 193 898)
3(672 675 276)
3(288 486 911)
3(486 351 911)
3(55 592 903)
3(391 192 905)
3(391 905 390)
3(845 81 208)
3(57 597 58)
3(63 628 940)
3(940 628 458)
3(965 206 607)
3(861 607 206)
3(965 861 206)
3(327 721 324)
3(327 325 721)
3(655 399 487)
3(655 252 399)
3(820 417 816)
3(820 819 417)
3(513 769 768)
3(513 369 769)
3(905 390 894)
3(905 806 390)
3(907 56 903)
3(907 903 391)
3(372 289 658)
3(374 658 289)
3(372 658 374)
3(866 894 342)
3(485 894 866)
3(654 393 372)
3(654 372 374)
3(658 372 336)
3(625 43 651)
3(834 318 467)
3(425 834 467)
3(425 318 834)
3(526 933 242)
3(526 242 989)
3(391 903 905)
3(802 196 400)
3(41 817 586)
3(41 185 817)
3(41 586 185)
3(586 817 185)
3(473 939 363)
3(939 934 363)
3(166 56 903)
3(798 569 975)
3(798 796 569)
3(975 569 796)
3(858 504 427)
3(352 327 721)
3(27 26 610)
3(27 610 210)
3(143 33 602)
3(879 33 143)
3(879 602 33)
3(625 2 225)
3(625 225 43)
3(814 398 397)
3(814 373 398)
3(814 397 373)
3(41 151 817)
3(41 817 150)
3(19 492 130)
3(819 416 784)
3(734 784 416)
3(819 734 416)
3(806 804 392)
3(804 805 392)
3(246 220 646)
3(244 646 220)
3(244 246 646)
3(509 858 190)
3(504 858 509)
3(416 784 417)
3(448 599 197)
3(584 599 448)
3(437 513 859)
3(437 859 509)
3(509 859 513)
3(285 764 279)
3(396 816 820)
3(191 525 854)
3(87 854 525)
3(372 812 336)
3(373 812 372)
3(373 336 812)
3(303 493 877)
3(285 764 354)
3(607 65 175)
3(174 65 607)
3(240 212 642)
3(242 240 642)
3(242 642 212)
3(424 886 426)
3(237 238 638)
3(238 219 638)
3(237 638 219)
3(903 806 391)
3(905 391 806)
3(857 190 509)
3(513 768 428)
3(500 428 768)
3(130 129 492)
3(19 492 129)
3(675 544 344)
3(675 344 418)
3(25 136 882)
3(25 882 135)
3(741 894 342)
3(393 818 654)
3(393 372 818)
3(170 615 60)
3(231 623 112)
3(231 223 623)
3(649 908 250)
3(649 250 502)
3(649 502 908)
3(502 250 908)
3(905 741 389)
3(607 65 836)
3(175 836 65)
3(814 812 373)
3(814 373 813)
3(812 813 373)
3(834 337 467)
3(876 303 500)
3(877 500 303)
3(500 876 428)
3(803 196 597)
3(803 804 196)
3(804 597 196)
3(803 196 802)
3(813 397 396)
3(813 373 397)
3(813 396 373)
3(610 481 136)
3(610 882 481)
3(136 481 882)
3(866 718 485)
3(390 905 741)
3(560 789 210)
3(560 387 789)
3(38 921 147)
3(38 148 921)
3(18 17 956)
3(956 17 555)
3(18 956 555)
3(408 798 797)
3(408 796 798)
3(408 797 796)
3(179 180 506)
3(913 179 506)
3(913 506 180)
3(138 914 27)
3(27 914 137)
3(222 182 183)
3(222 183 622)
3(222 622 182)
3(37 38 921)
3(147 37 921)
3(33 142 602)
3(33 602 32)
3(142 32 602)
3(138 914 28)
3(513 769 428)
3(149 596 38)
3(38 596 148)
3(652 653 225)
3(625 652 225)
3(625 225 653)
3(723 713 325)
3(398 815 397)
3(512 815 398)
3(512 397 815)
3(876 434 426)
3(876 426 428)
3(236 235 633)
3(233 633 235)
3(233 236 633)
3(578 201 897)
3(578 897 413)
3(586 41 151)
3(204 29 606)
3(29 28 606)
3(204 606 28)
3(26 136 610)
3(481 136 26)
3(212 904 499)
3(240 904 212)
3(240 499 904)
3(38 39 596)
3(149 596 39)
3(883 251 652)
3(652 251 252)
3(883 652 252)
3(392 894 485)
3(654 653 399)
3(653 652 399)
3(654 399 652)
3(943 2 543)
3(625 2 943)
3(625 543 2)
3(625 943 543)
3(214 937 904)
3(214 614 937)
3(214 904 614)
3(721 730 327)
3(434 869 318)
3(437 513 769)
3(859 769 513)
3(72 629 229)
3(71 229 629)
3(723 330 736)
3(511 211 611)
3(793 611 211)
3(819 417 286)
3(820 819 286)
3(500 877 493)
3(209 892 609)
3(209 788 892)
3(209 609 788)
3(412 799 800)
3(412 800 751)
3(412 751 799)
3(658 812 372)
3(812 818 372)
3(115 219 619)
3(480 134 613)
3(480 613 881)
3(8 121 12)
3(400 215 615)
3(59 615 215)
3(306 304 871)
3(306 871 329)
3(329 871 304)
3(487 374 655)
3(116 241 641)
3(117 641 241)
3(237 236 638)
3(236 238 638)
3(134 613 24)
3(480 24 613)
3(798 410 408)
3(798 797 410)
3(649 109 250)
3(649 250 650)
3(250 109 650)
3(519 603 923)
3(522 923 603)
3(181 182 507)
3(181 507 919)
3(507 182 919)
3(414 286 819)
3(179 616 216)
3(179 216 178)
3(616 178 216)
3(653 399 393)
3(653 393 654)
3(222 120 182)
3(222 182 119)
3(894 741 390)
3(412 609 799)
3(209 609 412)
3(209 799 609)
3(615 786 215)
3(400 215 786)
3(183 222 120)
3(60 615 215)
3(201 984 474)
3(201 578 984)
3(578 474 984)
3(713 721 325)
3(237 636 638)
3(237 236 636)
3(236 638 636)
3(225 653 399)
3(393 653 225)
3(41 817 40)
3(150 40 817)
3(41 817 398)
3(40 398 817)
3(730 736 330)
3(730 330 745)
3(736 745 330)
3(247 646 246)
3(247 220 646)
3(499 937 214)
3(499 534 937)
3(214 937 534)
3(210 789 964)
3(210 964 610)
3(210 610 789)
3(956 128 17)
3(956 18 128)
3(904 214 499)
3(904 499 937)
3(635 633 236)
3(635 236 235)
3(635 235 633)
3(723 721 325)
3(956 127 17)
3(219 241 641)
3(412 609 800)
3(652 651 251)
3(508 506 616)
3(216 616 506)
3(508 616 216)
3(637 237 636)
3(638 237 637)
3(42 586 41)
3(41 586 152)
3(42 152 586)
3(958 561 469)
3(958 328 561)
3(958 469 328)
3(433 522 824)
3(433 824 432)
3(832 434 426)
3(236 635 636)
3(236 636 633)
3(237 635 236)
3(398 815 814)
3(814 815 397)
3(963 809 404)
3(963 199 809)
3(225 652 399)
3(219 638 239)
3(238 239 638)
3(967 783 559)
3(447 783 967)
3(786 385 400)
3(786 401 385)
3(907 806 391)
3(746 413 756)
3(897 756 413)
3(125 212 14)
3(125 124 212)
3(14 212 124)
3(237 635 636)
3(816 813 396)
3(784 472 416)
3(784 416 195)
3(784 195 472)
3(231 112 631)
3(231 631 111)
3(607 174 64)
3(926 524 282)
3(69 506 180)
3(70 180 506)
3(556 531 935)
3(556 935 246)
3(531 246 935)
3(243 552 933)
3(526 933 552)
3(526 243 933)
3(179 69 506)
3(596 195 39)
3(596 38 195)
3(926 516 524)
3(524 516 924)
3(926 924 516)
3(177 178 532)
3(177 532 932)
3(178 932 532)
3(795 409 217)
3(217 409 617)
3(428 886 513)
3(513 886 427)
3(509 859 427)
3(513 427 859)
3(904 212 15)
3(15 212 125)
3(904 15 125)
3(904 125 212)
3(398 185 817)
3(836 607 206)
3(330 723 730)
3(730 723 325)
3(762 781 332)
3(135 613 24)
3(653 393 818)
3(201 33 602)
3(201 602 32)
3(579 496 789)
3(387 579 789)
3(15 904 126)
3(15 16 904)
3(126 904 16)
3(209 892 140)
3(209 140 609)
3(784 530 416)
3(784 472 530)
3(40 930 150)
3(817 930 40)
3(649 109 249)
3(250 649 249)
3(449 629 229)
3(616 913 506)
3(730 721 325)
3(858 509 427)
3(236 636 937)
3(236 937 633)
3(650 908 250)
3(943 2 42)
3(943 42 543)
3(606 28 138)
3(606 914 28)
3(36 145 600)
3(36 600 35)
3(145 35 600)
3(232 633 632)
3(623 633 232)
3(623 232 632)
3(179 616 506)
3(216 179 506)
3(231 623 631)
3(655 399 374)
3(499 904 16)
3(214 16 904)
3(249 649 6)
3(129 492 888)
3(232 223 623)
3(232 623 231)
3(399 652 251)
3(399 252 652)
3(609 575 800)
3(609 979 575)
3(800 575 979)
3(176 67 197)
3(67 177 197)
3(480 213 613)
3(213 24 613)
3(176 66 197)
3(892 29 606)
3(892 204 29)
3(892 606 204)
3(104 407 795)
3(105 795 407)
3(513 769 886)
3(119 181 507)
3(118 507 181)
3(497 888 221)
3(621 888 497)
3(621 497 221)
3(15 904 499)
3(507 119 182)
3(964 560 798)
3(798 560 790)
3(816 784 564)
3(971 564 784)
3(971 816 564)
3(815 512 817)
3(815 930 512)
3(930 817 512)
3(42 586 185)
3(236 640 636)
3(638 640 236)
3(578 350 756)
3(403 578 756)
3(403 756 350)
3(527 147 921)
3(527 921 918)
3(527 918 147)
3(881 900 247)
3(647 247 900)
3(881 247 647)
3(179 216 68)
3(68 216 178)
3(179 216 69)
3(139 606 29)
3(139 28 606)
3(349 730 330)
3(349 330 745)
3(349 745 730)
3(892 29 139)
3(569 408 798)
3(569 798 410)
3(129 618 18)
3(18 618 128)
3(385 736 745)
3(385 330 736)
3(385 745 330)
3(786 385 736)
3(786 745 385)
3(800 201 897)
3(602 897 201)
3(602 201 800)
3(244 957 644)
3(646 244 644)
3(646 957 244)
3(881 900 480)
3(881 480 247)
3(575 609 412)
3(575 209 609)
3(809 403 807)
3(353 753 334)
3(353 334 922)
3(612 904 240)
3(612 240 640)
3(240 904 640)
3(240 612 212)
3(612 904 212)
3(448 176 197)
3(612 240 642)
3(642 240 640)
3(642 612 212)
3(800 412 575)
3(30 892 29)
3(139 892 30)
3(66 176 448)
3(175 66 448)
3(778 354 764)
3(941 764 354)
3(778 941 354)
3(569 213 975)
3(213 498 975)
3(569 975 498)
3(921 37 472)
3(921 472 38)
3(247 498 946)
3(900 247 946)
3(249 502 649)
3(475 892 209)
3(475 788 892)
3(407 217 795)
3(407 795 409)
3(954 329 469)
3(954 565 329)
3(127 214 17)
3(127 16 214)
3(229 629 508)
3(229 913 629)
3(555 214 956)
3(887 214 555)
3(887 956 214)
3(887 555 956)
3(137 610 27)
3(26 610 137)
3(787 786 215)
3(787 215 615)
3(349 730 327)
3(846 451 450)
3(818 812 373)
3(814 818 373)
3(2 943 10)
3(401 736 385)
3(19 129 618)
3(19 618 18)
3(181 7 562)
3(181 562 118)
3(786 385 215)
3(947 757 484)
3(545 498 946)
3(247 545 946)
3(950 761 291)
3(655 654 399)
3(652 655 399)
3(817 398 815)
3(817 814 398)
3(633 887 232)
3(232 887 632)
3(152 943 2)
3(152 42 943)
3(615 60 505)
3(60 170 505)
3(3 62 969)
3(3 969 172)
3(172 969 62)
3(30 475 892)
3(30 892 209)
3(652 651 225)
3(251 652 225)
3(251 225 651)
3(954 469 871)
3(722 871 469)
3(816 813 397)
3(475 29 892)
3(204 475 892)
3(372 373 818)
3(556 245 957)
3(556 957 249)
3(245 249 957)
3(975 569 882)
3(569 213 882)
3(975 882 213)
3(814 571 398)
3(814 373 571)
3(239 241 641)
3(239 641 219)
3(871 329 733)
3(929 529 551)
3(516 926 280)
3(928 926 516)
3(928 516 280)
3(983 496 789)
3(140 30 209)
3(31 140 209)
3(836 965 206)
3(969 567 62)
3(969 3 567)
3(172 628 63)
3(172 62 628)
3(3 969 11)
3(398 512 817)
3(745 349 385)
3(17 214 956)
3(646 247 648)
3(648 247 647)
3(646 647 247)
3(926 282 280)
3(68 178 532)
3(68 532 177)
3(412 800 897)
3(412 897 751)
3(940 174 64)
3(940 64 607)
3(937 499 240)
3(937 240 534)
3(532 216 178)
3(67 532 177)
3(63 173 628)
3(904 240 937)
3(615 215 505)
3(983 496 914)
3(914 496 789)
3(613 900 480)
3(214 488 887)
3(555 887 488)
3(36 146 600)
3(861 730 349)
3(861 349 745)
3(596 39 930)
3(930 39 149)
3(648 580 107)
3(107 580 980)
3(648 980 580)
3(625 651 225)
3(417 564 816)
3(417 784 564)
3(914 610 27)
3(236 640 937)
3(540 607 206)
3(225 625 543)
3(140 30 892)
3(586 943 543)
3(653 586 543)
3(653 543 943)
3(226 531 935)
3(556 226 935)
3(937 240 236)
3(937 236 534)
3(195 784 971)
3(195 564 784)
3(195 971 564)
3(122 121 630)
3(121 12 630)
3(122 12 121)
3(122 630 12)
3(214 614 887)
3(937 214 887)
3(384 799 759)
3(508 629 582)
3(508 582 916)
3(458 607 540)
3(800 201 412)
3(409 388 791)
3(229 629 582)
3(214 956 127)
3(449 629 582)
3(212 612 125)
3(562 960 7)
3(562 181 960)
3(964 481 610)
3(964 882 481)
3(647 247 946)
3(618 492 129)
3(618 19 492)
3(293 295 951)
3(108 226 626)
3(6 626 226)
3(648 646 246)
3(648 246 247)
3(147 37 527)
3(527 37 921)
3(786 787 385)
3(745 385 787)
3(201 575 800)
3(34 879 143)
3(34 144 879)
3(492 497 888)
3(170 505 61)
3(545 498 796)
3(813 397 815)
3(816 815 397)
3(781 381 382)
3(197 532 177)
3(871 954 329)
3(469 871 329)
3(745 787 386)
3(792 745 386)
3(39 596 512)
3(596 195 512)
3(475 945 892)
3(475 788 945)
3(569 882 798)
3(227 627 110)
3(227 111 627)
3(224 106 624)
3(224 624 105)
3(547 754 459)
3(121 184 122)
3(121 630 184)
3(230 630 121)
3(230 12 630)
3(970 71 229)
3(629 970 229)
3(350 413 756)
3(552 933 643)
3(552 643 243)
3(643 933 243)
3(643 552 952)
3(552 933 952)
3(613 900 213)
3(19 618 218)
3(18 218 618)
3(250 650 110)
3(250 110 627)
3(250 627 650)
3(18 618 956)
3(811 344 675)
3(408 498 796)
3(545 408 796)
3(8 121 122)
3(34 879 33)
3(458 607 206)
3(65 448 175)
3(569 481 882)
3(204 892 945)
3(204 945 606)
3(141 575 609)
3(141 979 575)
3(195 596 472)
3(596 38 472)
3(984 201 879)
3(984 602 201)
3(879 201 602)
3(398 976 571)
3(398 814 976)
3(976 814 571)
3(614 956 214)
3(879 984 474)
3(879 474 201)
3(171 3 969)
3(39 930 512)
3(596 512 930)
3(801 781 381)
3(40 930 39)
3(40 149 930)
3(613 213 975)
3(613 882 213)
3(814 813 397)
3(775 530 776)
3(40 930 512)
3(807 403 808)
3(808 403 756)
3(807 756 403)
3(124 212 612)
3(1 9 968)
3(131 1 968)
3(976 571 185)
3(976 185 398)
3(403 808 809)
3(61 171 505)
3(240 937 640)
3(250 227 627)
3(816 397 564)
3(586 976 185)
3(817 185 976)
3(201 897 984)
3(578 984 897)
3(349 730 459)
3(245 244 645)
3(1 645 244)
3(1 245 645)
3(497 896 888)
3(621 896 497)
3(940 63 173)
3(527 147 36)
3(971 195 596)
3(784 596 195)
3(621 502 221)
3(621 497 502)
3(214 614 127)
3(921 527 472)
3(648 247 946)
3(248 107 648)
3(580 248 648)
3(854 529 525)
3(295 470 953)
3(492 888 618)
3(970 568 71)
3(970 4 568)
3(218 492 618)
3(250 650 896)
3(908 250 896)
3(213 900 975)
3(236 640 240)
3(978 381 801)
3(801 978 577)
3(951 950 293)
3(527 776 472)
3(530 472 776)
3(35 34 944)
3(35 944 535)
3(34 535 944)
3(943 42 586)
3(586 42 543)
3(543 393 653)
3(543 653 225)
3(609 31 575)
3(575 31 141)
3(609 141 31)
3(762 461 974)
3(863 974 461)
3(507 222 182)
3(627 896 250)
3(474 879 33)
3(474 34 879)
3(916 582 382)
3(185 976 653)
3(185 653 571)
3(653 976 571)
3(861 459 349)
3(861 730 459)
3(653 586 185)
3(653 185 543)
3(586 543 185)
3(144 944 35)
3(144 34 944)
3(569 408 796)
3(221 566 621)
3(566 21 621)
3(35 145 944)
3(783 772 446)
3(776 527 921)
3(918 527 776)
3(562 960 117)
3(204 579 945)
3(579 533 945)
3(935 108 226)
3(935 226 626)
3(461 974 357)
3(199 600 35)
3(199 36 600)
3(244 957 645)
3(244 645 644)
3(222 622 952)
3(222 952 933)
3(222 933 622)
3(628 62 567)
3(228 628 567)
3(921 776 472)
3(498 569 796)
3(204 983 945)
3(496 606 983)
3(496 914 606)
3(817 976 398)
3(578 756 984)
3(578 984 808)
3(578 808 756)
3(591 455 851)
3(591 851 553)
3(851 455 553)
3(591 553 455)
3(571 372 818)
3(571 818 393)
3(641 117 562)
3(641 562 960)
3(416 784 564)
3(531 108 935)
3(531 935 107)
3(106 580 980)
3(246 935 646)
3(246 648 935)
3(204 606 983)
3(496 606 204)
3(837 547 836)
3(965 836 547)
3(404 775 963)
3(185 393 653)
3(568 229 970)
3(648 246 248)
3(648 248 247)
3(940 64 173)
3(734 775 530)
3(512 971 564)
3(512 195 971)
3(578 756 897)
3(645 1 9)
3(645 968 1)
3(916 978 508)
3(978 616 508)
3(818 571 373)
3(552 121 630)
3(184 552 630)
3(184 121 552)
3(230 630 552)
3(630 952 552)
3(184 552 952)
3(349 861 540)
3(241 562 641)
3(621 566 502)
3(621 502 968)
3(621 968 566)
3(502 566 968)
3(808 474 984)
3(808 578 474)
3(836 448 584)
3(599 836 584)
3(209 609 31)
3(734 415 544)
3(481 798 882)
3(481 964 798)
3(141 575 32)
3(653 571 393)
3(552 222 933)
3(526 933 222)
3(569 798 481)
3(410 481 798)
3(183 120 552)
3(183 552 121)
3(641 581 241)
3(239 581 641)
3(957 244 245)
3(957 556 244)
3(583 218 986)
3(218 555 986)
3(583 986 555)
3(986 555 956)
3(887 555 986)
3(552 643 630)
3(552 230 643)
3(630 643 230)
3(243 230 643)
3(245 957 645)
3(535 199 600)
3(535 600 35)
3(754 459 352)
3(532 577 932)
3(532 932 216)
3(932 577 216)
3(564 397 971)
3(512 971 397)
3(199 963 600)
3(199 918 963)
3(199 600 918)
3(13 987 123)
3(13 124 987)
3(913 970 229)
3(578 413 756)
3(982 628 458)
3(454 554 959)
3(454 959 777)
3(818 814 571)
3(818 571 976)
3(808 474 879)
3(183 952 222)
3(971 816 397)
3(836 547 584)
3(836 448 547)
3(641 507 241)
3(641 581 507)
3(552 183 222)
3(596 512 971)
3(930 971 512)
3(212 643 612)
3(642 643 212)
3(577 932 430)
3(430 932 532)
3(229 568 913)
3(913 568 506)
3(242 243 933)
3(507 919 562)
3(507 562 181)
3(181 562 919)
3(908 502 968)
3(621 502 908)
3(552 222 952)
3(815 971 512)
3(562 641 919)
3(507 641 562)
3(507 919 641)
3(232 234 634)
3(583 232 634)
3(971 815 397)
3(970 568 913)
3(34 944 879)
3(578 808 403)
3(403 808 474)
3(403 535 808)
3(535 474 808)
3(222 981 526)
3(581 526 981)
3(222 581 981)
3(969 62 628)
3(505 567 171)
3(61 171 567)
3(628 969 567)
3(547 584 837)
3(836 837 584)
3(183 552 184)
3(183 552 952)
3(547 837 466)
3(837 754 466)
3(458 982 228)
3(981 222 933)
3(622 222 981)
3(960 562 919)
3(526 981 933)
3(639 981 526)
3(912 567 505)
3(912 228 567)
3(13 630 123)
3(13 987 630)
3(122 13 630)
3(230 585 987)
3(13 230 987)
3(13 987 585)
3(600 199 809)
3(218 986 988)
3(583 218 988)
3(643 987 230)
3(643 230 585)
3(643 585 987)
3(986 988 618)
3(986 618 218)
3(218 618 988)
3(12 13 630)
3(13 630 230)
3(630 230 987)
3(243 643 585)
3(212 585 643)
3(243 212 643)
3(906 395 791)
3(791 395 617)
3(934 473 482)
3(466 584 837)
3(831 939 363)
3(831 363 941)
3(939 941 363)
3(959 783 559)
3(642 639 989)
3(234 218 988)
3(511 906 510)
3(518 353 920)
3(517 518 920)
3(926 282 516)
3(823 922 486)
3(486 922 911)
3(823 486 911)
3(486 518 823)
3(486 823 519)
3(518 519 823)
3(346 353 753)
3(346 753 334)
3(353 486 922)
3(334 922 486)
3(433 924 524)
3(433 516 924)
3(827 355 928)
3(827 826 355)
3(362 361 760)
3(362 760 365)
3(361 365 760)
3(620 991 881)
3(239 242 989)
3(480 991 220)
3(915 362 760)
3(760 362 793)
3(395 388 791)
3(409 395 791)
3(931 278 359)
3(931 482 278)
3(601 528 94)
3(601 93 528)
3(753 353 917)
3(924 433 824)
3(825 433 924)
3(825 824 433)
3(431 603 824)
3(94 200 825)
3(95 825 200)
3(909 395 791)
3(366 771 793)
3(366 909 771)
3(510 103 906)
3(205 603 519)
3(519 823 923)
3(519 603 823)
3(826 601 523)
3(601 825 523)
3(826 523 825)
3(518 920 823)
3(518 822 920)
3(518 823 822)
3(200 523 825)
3(433 825 523)
3(200 825 433)
3(494 359 829)
3(536 829 359)
3(494 829 536)
3(516 926 826)
3(516 826 924)
3(934 494 829)
3(831 829 494)
3(521 598 90)
3(90 598 542)
3(850 852 358)
3(850 358 951)
3(852 951 358)
3(927 947 370)
3(927 370 856)
3(559 959 454)
3(559 554 959)
3(187 973 563)
3(974 754 466)
3(846 450 590)
3(453 208 845)
3(618 634 988)
3(546 925 548)
3(546 194 925)
3(548 925 194)
3(601 827 375)
3(828 601 375)
3(828 375 827)
3(925 546 778)
3(925 942 546)
3(942 778 546)
3(855 525 87)
3(855 854 525)
3(925 194 5)
3(925 89 194)
3(849 189 84)
3(849 83 189)
3(949 856 356)
3(948 949 356)
3(927 548 925)
3(927 593 548)
3(593 925 548)
3(827 931 359)
3(829 359 931)
3(829 827 359)
3(955 847 558)
3(848 955 558)
3(959 961 454)
3(961 777 454)
3(961 589 453)
3(961 453 845)
3(599 837 584)
3(466 974 357)
3(461 974 466)
3(88 855 525)
3(851 455 85)
3(851 84 455)
3(953 848 377)
3(848 850 377)
3(953 377 850)
3(849 851 557)
3(851 850 557)
3(849 557 850)
3(851 553 852)
3(591 852 553)
3(948 343 356)
3(280 928 355)
3(279 939 363)
3(598 830 538)
3(598 538 831)
3(830 831 538)
3(278 928 355)
3(280 928 278)
3(91 198 830)
3(92 830 198)
3(830 828 536)
3(829 536 828)
3(829 830 536)
3(538 830 198)
3(536 198 830)
3(536 830 538)
3(484 354 778)
3(546 778 354)
3(942 521 90)
3(942 5 521)
3(343 947 370)
3(476 947 343)
3(354 939 363)
3(363 831 538)
3(538 831 494)
3(523 355 826)
3(523 826 516)
3(827 359 355)
3(827 355 375)
3(827 375 359)
3(828 92 520)
3(828 520 93)
3(536 828 520)
3(828 375 520)
3(536 375 828)
3(523 601 375)
3(523 528 601)
3(375 601 528)
3(598 942 521)
3(598 542 91)
3(598 538 542)
3(598 376 538)
3(550 380 593)
3(548 593 380)
3(550 593 548)
3(593 88 550)
3(593 550 89)
3(88 550 855)
3(593 855 550)
3(525 550 855)
3(950 852 549)
3(950 549 929)
3(852 929 549)
3(851 455 557)
3(851 557 553)
3(591 86 456)
3(854 591 456)
3(953 377 470)
3(953 295 377)
3(951 358 295)
3(951 293 358)
3(358 852 553)
3(549 852 358)
3(549 553 852)
3(293 950 549)
3(291 549 950)
3(484 927 370)
3(927 548 370)
3(593 855 380)
3(550 380 855)
3(856 855 380)
3(856 380 593)
3(356 856 380)
3(370 380 856)
3(525 855 380)
3(529 855 525)
3(529 380 855)
3(591 553 456)
3(848 537 849)
3(590 849 537)
3(358 557 850)
3(377 850 557)
3(358 850 377)
3(849 557 189)
3(849 537 557)
3(849 189 537)
3(558 377 848)
3(848 377 537)
3(959 188 589)
3(959 454 188)
3(188 453 589)
3(961 453 454)
3(961 452 453)
3(961 454 452)
3(967 936 572)
3(353 518 922)
3(922 518 486)
3(518 922 920)
3(823 922 518)
3(542 830 91)
3(542 198 830)
3(830 598 542)
3(830 542 538)
3(780 395 909)
3(780 379 395)
3(780 909 379)
3(395 791 780)
3(395 780 388)
3(925 546 927)
3(433 923 824)
3(433 522 923)
3(824 923 522)
3(923 924 433)
3(923 433 524)
3(911 682 486)
3(486 682 288)
3(911 288 682)
3(682 486 922)
3(334 486 682)
3(538 941 363)
3(538 376 941)
3(941 831 538)
3(941 538 598)
3(941 598 376)
3(967 447 936)
3(955 561 847)
3(955 958 561)
3(847 561 958)
3(561 558 955)
3(561 955 328)
3(849 455 557)
3(849 851 455)
3(455 189 849)
3(455 849 84)
3(370 948 343)
3(906 217 103)
3(357 466 801)
3(466 801 430)
3(547 836 206)
3(510 611 511)
3(851 553 850)
3(850 553 852)
3(553 850 557)
3(358 850 553)
3(92 828 198)
3(198 828 830)
3(828 198 520)
3(536 198 828)
3(537 847 450)
3(450 847 590)
3(537 450 590)
3(847 450 451)
3(846 450 847)
3(827 928 359)
3(359 928 931)
3(928 359 355)
3(278 359 928)
3(558 953 848)
3(558 377 953)
3(953 955 558)
3(953 558 470)
3(601 826 375)
3(375 826 827)
3(826 375 523)
3(355 375 826)
3(453 961 188)
3(188 961 589)
3(961 188 454)
3(959 188 961)
3(523 528 825)
3(825 528 601)
3(528 825 200)
3(94 825 528)
3(927 484 947)
3(529 855 854)
3(529 855 949)
3(923 911 519)
3(519 911 351)
3(923 351 911)
3(911 519 823)
3(486 519 911)
3(208 452 845)
3(845 452 853)
3(452 845 453)
3(961 845 452)
3(824 522 603)
3(446 959 554)
3(446 772 959)
3(959 559 446)
3(959 446 783)
3(386 745 385)
3(386 745 349)
3(521 925 546)
3(521 194 925)
3(925 942 521)
3(546 521 942)
3(925 521 5)
3(855 856 529)
3(529 856 949)
3(856 529 380)
3(356 529 856)
3(484 764 285)
3(484 757 764)
3(764 354 484)
3(764 484 778)
3(361 760 360)
3(360 760 362)
3(760 360 758)
3(915 360 760)
3(365 771 362)
3(362 771 366)
3(771 362 760)
3(793 362 771)
3(955 729 328)
3(328 729 873)
3(729 328 470)
3(299 328 729)
3(931 494 829)
3(758 353 917)
3(758 753 353)
3(353 360 758)
3(353 758 346)
3(927 380 370)
3(927 548 380)
3(380 856 927)
3(380 927 593)
3(570 962 187)
3(187 962 587)
3(962 187 563)
3(973 187 962)
3(523 924 516)
3(523 826 924)
3(924 433 523)
3(924 523 825)
3(777 454 954)
3(954 454 961)
3(454 954 565)
3(777 565 954)
3(452 954 454)
3(375 520 601)
3(601 520 828)
3(520 601 528)
3(93 601 520)
3(409 617 395)
3(359 827 536)
3(536 827 375)
3(827 536 829)
3(828 536 827)
3(850 537 849)
3(850 848 537)
3(537 557 850)
3(537 850 377)
3(690 294 872)
3(932 577 801)
3(932 978 577)
3(345 752 334)
3(334 752 346)
3(752 334 747)
3(753 334 752)
3(954 329 777)
3(777 329 871)
3(329 777 565)
3(554 329 777)
3(447 570 936)
3(936 570 966)
3(570 936 539)
3(587 936 570)
3(177 532 599)
3(599 532 932)
3(532 599 197)
3(430 599 532)
3(481 798 560)
3(560 798 410)
3(440 343 683)
3(683 343 684)
3(343 683 476)
3(947 683 343)
3(277 677 278)
3(278 677 280)
3(677 278 885)
3(928 278 677)
3(274 686 343)
3(780 366 909)
3(780 771 366)
3(366 379 780)
3(366 780 378)
3(570 868 444)
3(570 442 868)
3(868 966 570)
3(868 570 962)
3(383 763 371)
3(383 364 763)
3(763 785 383)
3(763 383 972)
3(561 452 847)
3(847 452 958)
3(452 847 451)
3(853 847 452)
3(524 911 923)
3(524 351 911)
3(911 755 524)
3(911 524 284)
3(430 837 466)
3(430 584 837)
3(837 801 430)
3(837 430 599)
3(295 377 951)
3(951 377 953)
3(377 951 358)
3(850 951 377)
3(948 551 949)
3(273 885 482)
3(482 885 278)
3(885 482 674)
3(931 482 885)
3(517 821 518)
3(518 821 420)
3(821 518 920)
3(822 518 821)
3(758 346 759)
3(759 346 361)
3(346 759 752)
3(411 759 346)
3(83 849 450)
3(450 849 590)
3(849 450 189)
3(537 450 849)
3(873 469 958)
3(473 878 269)
3(760 361 770)
3(770 361 365)
3(361 770 759)
3(384 770 361)
3(763 739 371)
3(371 739 340)
3(739 371 774)
3(441 371 739)
3(782 732 462)
3(462 732 332)
3(732 462 864)
3(331 462 732)
3(442 371 962)
3(962 371 774)
3(371 962 563)
3(785 962 371)
3(730 459 754)
3(729 694 295)
3(295 694 296)
3(694 295 872)
3(294 295 694)
3(494 829 538)
3(538 829 536)
3(829 538 831)
3(830 538 829)
3(972 462 977)
3(675 276 673)
3(64 607 458)
3(271 674 473)
3(473 674 482)
3(674 473 889)
3(934 473 674)
3(911 284 682)
3(682 284 288)
3(284 682 680)
3(287 682 284)
3(275 685 263)
3(275 687 685)
3(685 274 275)
3(685 275 686)
3(530 734 544)
3(629 838 582)
3(582 838 985)
3(838 582 449)
3(576 582 838)
3(864 731 364)
3(364 731 331)
3(731 364 763)
3(340 364 731)
3(432 825 433)
3(432 200 825)
3(825 824 432)
3(825 432 95)
3(793 211 910)
3(425 869 426)
3(426 869 832)
3(425 426 832)
3(869 426 318)
3(425 869 318)
3(434 426 869)
3(323 862 441)
3(441 862 835)
3(862 441 460)
3(739 441 862)
3(276 673 273)
3(273 673 277)
3(673 273 671)
3(885 273 673)
3(747 333 751)
3(751 333 345)
3(333 751 746)
3(413 751 333)
3(863 352 974)
3(974 352 754)
3(352 974 461)
3(466 974 352)
3(679 281 344)
3(679 283 281)
3(281 676 679)
3(281 679 678)
3(402 283 681)
3(681 283 679)
3(283 681 287)
3(680 681 283)
3(272 671 271)
3(271 671 273)
3(671 271 669)
3(674 271 671)
3(676 277 677)
3(676 673 277)
3(277 281 676)
3(277 676 418)
3(731 717 340)
3(340 717 321)
3(717 340 739)
3(460 340 717)
3(870 323 835)
3(779 365 771)
3(779 770 365)
3(365 378 779)
3(365 779 533)
3(445 443 773)
3(773 443 870)
3(443 773 444)
3(868 773 443)
3(382 781 332)
3(732 719 331)
3(331 719 322)
3(719 331 731)
3(321 331 719)
3(776 472 784)
3(784 472 921)
3(746 287 350)
3(746 333 287)
3(287 681 746)
3(287 746 682)
3(717 712 460)
3(460 712 316)
3(712 460 862)
3(314 460 712)
3(518 822 519)
3(519 822 205)
3(822 519 823)
3(603 519 822)
3(670 270 669)
3(670 667 270)
3(270 272 670)
3(270 670 286)
3(321 716 719)
3(321 717 716)
3(716 319 321)
3(716 321 316)
3(672 272 671)
3(672 670 272)
3(272 276 672)
3(272 672 414)
3(714 300 303)
3(676 344 675)
3(797 410 790)
3(790 410 798)
3(410 790 388)
3(560 790 410)
3(679 344 807)
3(807 344 402)
3(344 807 811)
3(404 807 344)
3(319 721 863)
3(319 716 721)
3(721 324 319)
3(721 319 317)
3(469 871 304)
3(734 414 672)
3(734 819 414)
3(414 415 734)
3(414 734 416)
3(834 425 337)
3(834 766 425)
3(373 336 813)
3(813 336 812)
3(336 813 396)
3(666 813 336)
3(171 567 912)
3(912 567 969)
3(171 969 567)
3(899 737 424)
3(424 737 767)
3(737 424 423)
3(339 737 424)
3(886 513 859)
3(842 46 435)
3(196 804 907)
3(113 623 235)
3(235 623 223)
3(623 235 635)
3(633 623 235)
3(852 950 358)
3(358 950 951)
3(950 358 549)
3(293 358 950)
3(425 737 424)
3(425 339 737)
3(737 767 425)
3(424 425 767)
3(737 425 766)
3(941 939 354)
3(247 647 620)
3(247 620 881)
3(620 247 646)
3(646 620 220)
3(247 220 620)
3(646 244 620)
3(620 244 644)
3(244 620 220)
3(22 244 620)
3(132 244 22)
3(1 244 132)
3(620 132 244)
3(132 244 644)
3(725 339 735)
3(735 339 737)
3(339 735 338)
3(422 735 339)
3(756 402 403)
3(756 350 402)
3(402 807 756)
3(402 756 681)
3(761 549 929)
3(761 950 549)
3(549 551 761)
3(549 761 291)
3(991 620 480)
3(480 620 220)
3(620 480 881)
3(247 480 620)
3(767 426 886)
3(767 832 426)
3(426 424 767)
3(426 767 425)
3(481 136 25)
3(244 556 646)
3(646 556 246)
3(556 646 957)
3(935 646 556)
3(935 957 556)
3(869 425 834)
3(496 606 28)
3(286 819 670)
3(235 623 233)
3(233 623 223)
3(623 233 633)
3(232 233 623)
3(232 233 633)
3(548 593 194)
3(194 593 925)
3(593 194 550)
3(89 194 593)
3(904 214 126)
3(126 214 16)
3(214 126 614)
3(127 126 214)
3(496 610 789)
3(496 210 610)
3(610 914 496)
3(610 496 27)
3(132 244 9)
3(9 244 644)
3(244 9 1)
3(645 9 244)
3(945 384 770)
3(945 788 384)
3(384 533 945)
3(384 945 475)
3(957 226 556)
3(249 226 957)
3(935 226 957)
3(957 226 626)
3(497 627 227)
3(234 227 627)
3(234 627 497)
3(250 497 627)
3(497 627 896)
3(250 497 896)
3(842 186 253)
3(111 627 231)
3(231 627 227)
3(627 231 631)
3(234 231 627)
3(115 237 619)
3(619 237 219)
3(237 619 637)
3(638 619 237)
3(638 219 619)
3(639 219 638)
3(639 239 219)
3(639 638 239)
3(219 619 639)
3(219 639 641)
3(641 639 239)
3(236 534 633)
3(633 534 937)
3(534 633 233)
3(201 879 33)
3(645 502 908)
3(649 502 645)
3(968 645 502)
3(634 497 896)
3(888 497 634)
3(627 634 497)
3(627 634 234)
3(634 497 234)
3(540 745 386)
3(540 792 745)
3(745 349 540)
3(745 540 861)
3(140 609 31)
3(232 633 488)
3(488 633 887)
3(232 488 887)
3(633 488 233)
3(534 633 488)
3(784 596 472)
3(596 472 921)
3(634 231 234)
3(232 231 634)
3(627 634 231)
3(634 231 631)
3(638 240 640)
3(642 240 638)
3(236 638 240)
3(638 240 238)
3(240 242 638)
3(638 242 238)
3(242 638 642)
3(239 638 242)
3(216 932 178)
3(216 616 932)
3(633 937 488)
3(488 937 887)
3(937 488 534)
3(214 488 937)
3(545 624 408)
3(545 224 624)
3(408 624 224)
3(624 408 796)
3(776 527 963)
3(963 527 405)
3(527 963 918)
3(199 963 527)
3(199 918 527)
3(492 634 497)
3(492 234 634)
3(634 888 492)
3(492 634 618)
3(535 199 808)
3(808 199 600)
3(199 808 403)
3(809 808 199)
3(213 135 24)
3(213 25 135)
3(135 613 213)
3(135 213 882)
3(957 649 226)
3(226 649 249)
3(957 249 649)
3(649 226 626)
3(6 226 649)
3(634 632 231)
3(231 632 232)
3(634 232 632)
3(632 231 631)
3(623 231 632)
3(502 249 645)
3(645 249 245)
3(502 645 245)
3(249 645 649)
3(957 645 249)
3(621 21 968)
3(968 21 131)
3(21 968 566)
3(1 968 21)
3(1 968 566)
3(49 860 595)
3(180 568 70)
3(506 568 180)
3(4 568 180)
3(180 568 970)
3(50 857 860)
3(555 618 18)
3(555 218 618)
3(618 956 555)
3(618 555 986)
3(107 248 935)
3(935 248 531)
3(248 935 648)
3(246 935 248)
3(207 421 163)
3(163 421 53)
3(421 163 841)
3(839 163 421)
3(621 896 502)
3(502 896 497)
3(896 502 908)
3(250 502 896)
3(641 239 981)
3(981 239 581)
3(641 981 581)
3(239 981 639)
3(526 981 239)
3(932 216 978)
3(978 216 616)
3(216 978 577)
3(508 978 216)
3(207 899 765)
3(986 632 232)
3(986 232 887)
3(232 986 634)
3(986 583 232)
3(566 645 1)
3(566 245 645)
3(645 968 566)
3(645 566 502)
3(981 507 581)
3(222 507 981)
3(641 981 507)
3(981 507 919)
3(161 52 501)
3(918 36 199)
3(527 36 918)
3(600 918 36)
3(918 36 146)
3(600 35 944)
3(817 40 512)
3(651 43 225)
3(555 986 488)
3(488 986 887)
3(986 488 583)
3(232 488 986)
3(435 898 895)
3(32 979 142)
3(602 979 32)
3(141 979 32)
3(32 979 575)
3(643 212 987)
3(987 212 585)
3(212 987 612)
3(124 212 987)
3(933 243 642)
3(642 243 643)
3(243 642 242)
3(212 642 243)
3(808 879 535)
3(535 879 944)
3(879 535 474)
3(34 535 879)
3(186 44 155)
3(437 438 860)
3(13 987 14)
3(14 987 585)
3(987 14 124)
3(212 14 987)
3(252 655 652)
3(180 568 913)
3(182 507 622)
3(622 507 222)
3(507 622 919)
3(981 622 507)
3(38 596 921)
3(386 787 505)
3(505 787 912)
3(787 505 215)
3(615 505 787)
3(571 818 653)
3(106 580 624)
3(624 580 980)
3(580 624 224)
3(545 580 624)
3(625 653 543)
3(628 912 567)
3(171 3 567)
3(941 546 942)
3(778 546 941)
3(521 941 598)
3(521 376 941)
3(941 942 521)
3(546 941 521)
3(546 376 941)
3(457 591 553)
3(456 591 457)
3(852 457 549)
3(852 929 457)
3(457 553 852)
3(591 457 852)
3(591 929 457)
3(191 457 854)
3(854 457 929)
3(457 854 456)
3(591 854 457)
3(988 218 634)
3(634 218 618)
3(218 634 234)
3(492 634 218)
3(409 797 407)
3(407 797 408)
3(797 407 795)
3(624 580 946)
3(946 580 980)
3(580 946 545)
3(648 946 580)
3(777 329 733)
3(941 546 354)
3(795 408 796)
3(624 408 795)
3(797 795 408)
3(795 408 407)
3(989 642 239)
3(239 642 639)
3(642 239 242)
3(638 239 642)
3(224 795 105)
3(224 624 795)
3(795 407 224)
3(795 224 408)
3(32 979 201)
3(201 979 575)
3(979 201 602)
3(800 201 979)
3(918 147 36)
3(580 946 248)
3(248 946 545)
3(946 248 648)
3(247 248 946)
3(360 361 346)
3(75 76 574)
3(539 570 187)
3(188 572 79)
3(440 274 343)
3(470 328 558)
3(366 378 365)
3(79 80 188)
3(379 387 378)
3(547 459 206)
3(517 420 202)
3(247 480 498)
3(285 476 484)
3(539 572 447)
3(301 328 299)
3(80 81 453)
3(82 83 450)
3(554 454 565)
3(515 360 517)
3(468 445 446)
3(498 480 213)
3(387 388 560)
3(473 271 269)
3(386 385 215)
3(420 518 205)
3(371 383 563)
3(537 558 451)
3(570 442 563)
3(357 430 381)
3(412 411 209)
3(379 511 395)
3(544 405 530)
3(440 476 479)
3(356 551 529)
3(548 546 484)
3(278 277 273)
3(209 411 384)
3(77 78 539)
3(431 97 205)
3(333 334 345)
3(85 456 455)
3(431 96 97)
3(481 210 560)
3(329 468 554)
3(551 549 457)
3(570 447 444)
3(63 64 458)
3(292 293 291)
3(290 291 551)
3(282 524 284)
3(468 329 306)
3(202 515 517)
3(332 382 462)
3(364 573 383)
3(541 75 383)
3(366 514 511)
3(331 462 364)
3(386 458 540)
3(384 365 533)
3(76 77 187)
3(449 203 576)
3(202 420 99)
3(384 411 361)
3(476 285 479)
3(457 191 529)
3(279 269 268)
3(443 442 444)
3(408 410 409)
3(559 446 447)
3(494 359 482)
3(576 382 582)
3(469 565 561)
3(291 290 275)
3(322 357 332)
3(447 446 444)
3(476 370 484)
3(522 431 519)
3(281 277 280)
3(346 411 345)
3(271 482 273)
3(288 333 287)
3(445 444 446)
3(442 441 371)
3(539 187 77)
3(364 371 340)
3(515 514 362)
3(541 383 573)
3(387 379 388)
3(451 452 208)
3(541 573 203)
3(282 281 280)
3(322 461 357)
3(288 284 351)
3(443 441 442)
3(293 294 295)
3(211 514 419)
3(574 383 75)
3(415 418 544)
3(228 386 505)
3(376 521 542)
3(363 494 473)
3(62 63 228)
3(479 285 268)
3(395 510 217)
3(524 522 351)
3(295 296 470)
3(78 79 572)
3(565 452 561)
3(205 98 420)
3(283 282 284)
3(199 404 403)
3(443 445 464)
3(383 574 563)
3(217 103 104)
3(511 379 366)
3(261 263 274)
3(304 469 301)
3(285 279 268)
3(340 441 460)
3(340 321 331)
3(441 443 323)
3(319 461 322)
3(332 331 322)
3(352 547 466)
3(263 483 275)
3(404 199 405)
3(282 283 281)
3(296 299 470)
3(344 283 402)
3(451 558 561)
3(515 362 360)
3(392 503 490)
3(86 87 191)
3(272 273 276)
3(584 197 430)
3(73 74 203)
3(276 277 418)
3(281 344 418)
3(81 82 208)
3(284 287 283)
3(489 294 292)
3(271 272 270)
3(72 73 449)
3(378 579 533)
3(402 287 350)
3(275 483 292)
3(539 78 572)
3(409 410 388)
3(333 288 334)
3(267 269 270)
3(268 267 265)
3(445 468 308)
3(296 294 297)
3(261 440 262)
3(299 296 298)
3(496 387 210)
3(304 305 306)
3(450 208 82)
3(350 333 413)
3(530 416 415)
3(99 420 98)
3(483 489 292)
3(412 413 345)
3(308 309 464)
3(576 203 573)
3(262 479 265)
3(308 306 307)
3(300 301 299)
3(98 205 97)
3(261 274 440)
3(464 312 323)
3(301 302 304)
3(314 460 323)
3(274 275 290)
3(101 211 419)
3(316 321 460)
3(322 321 319)
3(440 479 262)
3(297 298 296)
3(268 265 479)
3(468 446 554)
3(403 404 402)
3(203 449 73)
3(485 392 490)
3(462 573 364)
3(559 447 572)
3(286 429 270)
3(489 297 294)
3(416 417 414)
3(367 483 477)
3(269 271 270)
3(259 477 263)
3(367 489 483)
3(298 300 299)
3(263 477 483)
3(429 266 267)
3(431 432 96)
3(351 522 519)
3(367 491 489)
3(259 261 260)
3(187 574 76)
3(522 432 431)
3(268 269 267)
3(261 259 263)
3(307 306 305)
3(266 264 265)
3(496 27 28)
3(264 260 262)
3(489 491 297)
3(493 298 297)
3(257 347 367)
3(302 301 300)
3(260 261 262)
3(514 211 511)
3(309 311 312)
3(309 308 307)
3(491 493 297)
3(503 478 196)
3(478 392 391)
3(313 314 312)
3(551 356 290)
3(362 514 366)
3(464 309 312)
3(305 304 302)
3(417 396 286)
3(314 315 316)
3(477 257 367)
3(310 309 307)
3(317 319 316)
3(414 286 272)
3(461 319 324)
3(352 461 324)
3(307 305 467)
3(323 312 314)
3(396 336 429)
3(262 265 264)
3(302 300 434)
3(303 428 434)
3(368 491 347)
3(209 384 475)
3(367 347 491)
3(303 300 298)
3(493 303 298)
3(477 259 256)
3(267 266 265)
3(204 579 496)
3(56 57 478)
3(381 430 577)
3(368 493 491)
3(267 270 429)
3(462 576 573)
3(577 508 381)
3(336 289 266)
3(348 369 368)
3(64 65 206)
3(396 417 397)
3(381 332 357)
3(462 382 576)
3(256 257 477)
3(310 311 309)
3(260 258 259)
3(313 312 311)
3(465 485 320)
3(311 465 313)
3(289 439 264)
3(503 401 341)
3(310 307 467)
3(310 326 311)
3(335 347 257)
3(335 348 347)
3(313 315 314)
3(315 313 320)
3(264 439 260)
3(354 376 363)
3(533 204 475)
3(257 256 255)
3(458 228 63)
3(305 302 318)
3(439 258 260)
3(404 544 344)
3(490 463 320)
3(258 256 259)
3(369 513 500)
3(510 211 102)
3(315 317 316)
3(315 463 317)
3(368 500 493)
3(202 100 419)
3(289 264 266)
3(191 456 86)
3(464 445 308)
3(292 291 275)
3(429 336 266)
3(348 368 347)
3(337 310 467)
3(465 326 342)
3(256 258 254)
3(465 311 326)
3(490 341 463)
3(313 465 320)
3(286 396 429)
3(394 348 335)
3(101 419 100)
3(337 326 310)
3(426 428 427)
3(392 390 391)
3(323 443 464)
3(487 258 439)
3(394 436 348)
3(485 465 342)
3(463 315 320)
3(258 487 254)
3(478 391 56)
3(337 425 339)
3(193 48 438)
3(257 255 335)
3(193 436 394)
3(220 22 23)
3(255 254 253)
3(24 480 23)
3(400 401 196)
3(326 337 338)
3(392 478 503)
3(52 53 207)
3(50 51 190)
3(490 320 485)
3(471 335 255)
3(487 252 254)
3(406 186 45)
3(503 341 490)
3(342 326 338)
3(223 112 113)
3(317 463 325)
3(255 256 254)
3(324 317 325)
3(469 328 301)
3(192 389 421)
3(221 20 21)
3(45 46 406)
3(422 389 338)
3(253 471 255)
3(437 369 436)
3(47 193 435)
3(252 253 254)
3(419 515 202)
3(46 47 435)
3(186 253 252)
3(186 251 44)
3(192 421 54)
3(436 369 348)
3(292 294 293)
3(318 467 305)
3(25 481 213)
3(471 394 335)
3(463 341 325)
3(43 44 251)
3(405 544 404)
3(579 378 387)
3(190 495 50)
3(26 210 481)
3(406 435 471)
3(235 113 114)
3(471 253 406)
3(389 390 342)
3(49 50 495)
3(471 435 394)
3(55 56 391)
3(251 186 252)
3(389 422 421)
3(393 399 374)
3(390 485 342)
3(401 503 196)
3(448 206 65)
3(190 51 501)
3(48 49 438)
3(390 389 192)
3(435 193 394)
3(202 99 100)
3(374 487 439)
3(423 501 207)
3(382 381 508)
3(415 414 276)
3(53 54 421)
3(413 412 201)
3(438 49 495)
3(207 501 52)
3(504 190 501)
3(193 438 436)
3(342 338 389)
3(237 235 114)
3(237 114 115)
3(229 508 506)
3(515 419 514)
3(47 48 193)
3(436 438 437)
3(102 211 101)
3(289 374 439)
3(54 55 192)
3(341 330 325)
3(55 391 192)
3(432 95 96)
3(423 504 501)
3(338 337 339)
3(327 459 352)
3(422 423 207)
3(434 318 302)
3(415 276 418)
3(411 412 345)
3(369 500 368)
3(58 59 400)
3(504 423 424)
3(421 422 207)
3(401 330 341)
3(423 422 339)
3(306 308 468)
3(330 327 325)
3(459 540 206)
3(478 57 196)
3(353 517 360)
3(405 527 530)
3(288 351 486)
3(391 390 192)
3(57 58 196)
3(327 324 325)
3(399 252 487)
3(372 374 289)
3(393 374 372)
3(289 336 372)
3(425 467 318)
3(58 400 196)
3(504 424 427)
3(352 324 327)
3(27 210 26)
3(2 43 225)
3(398 373 397)
3(19 20 492)
3(244 220 246)
3(504 509 190)
3(584 448 197)
3(437 509 513)
3(191 87 525)
3(373 372 336)
3(279 285 354)
3(242 212 240)
3(424 426 427)
3(237 219 238)
3(500 513 428)
3(344 544 418)
3(231 112 223)
3(303 500 428)
3(373 396 397)
3(560 210 387)
3(18 555 17)
3(512 398 397)
3(428 426 434)
3(233 235 236)
3(578 413 201)
3(204 28 29)
3(240 212 499)
3(392 485 390)
3(71 72 229)
3(437 513 369)
3(116 219 115)
3(12 121 0)
3(400 59 215)
3(306 329 304)
3(117 241 116)
3(190 509 495)
3(237 238 236)
3(414 417 286)
3(222 119 120)
3(59 60 215)
3(201 474 578)
3(393 225 399)
3(40 41 398)
3(247 246 220)
3(499 214 534)
3(219 116 241)
3(495 509 437)
3(508 216 506)
3(328 469 561)
3(433 432 522)
3(237 236 235)
3(219 239 238)
3(500 303 493)
3(385 401 400)
3(195 416 472)
3(231 111 112)
3(69 70 506)
3(556 246 531)
3(526 552 243)
3(38 39 195)
3(428 513 427)
3(513 509 427)
3(398 41 185)
3(201 32 33)
3(387 496 579)
3(416 530 472)
3(250 249 109)
3(449 229 72)
3(509 504 427)
3(42 2 543)
3(399 487 374)
3(499 16 214)
3(249 6 109)
3(232 231 223)
3(399 251 252)
3(480 24 213)
3(66 67 197)
3(105 407 104)
3(119 507 118)
3(15 499 212)
3(41 42 185)
3(403 350 578)
3(68 69 216)
3(69 506 216)
3(569 410 408)
3(575 412 209)
3(74 75 541)
3(14 15 212)
3(569 498 213)
3(37 38 472)
3(250 502 249)
3(407 409 217)
3(469 329 565)
3(214 16 17)
3(330 349 327)
3(450 451 208)
3(401 385 330)
3(104 407 217)
3(562 7 118)
3(385 400 215)
3(247 498 545)
3(30 209 475)
3(204 29 475)
3(556 249 245)
3(398 571 373)
3(239 219 241)
3(475 29 30)
3(31 209 30)
3(3 62 567)
3(385 349 330)
3(17 555 214)
3(240 499 534)
3(532 68 216)
3(67 68 532)
3(60 505 215)
3(555 488 214)
3(16 499 15)
3(225 543 2)
3(66 197 448)
3(225 251 399)
3(556 531 226)
3(236 240 534)
3(508 229 582)
3(229 449 582)
3(6 226 108)
3(412 575 201)
3(221 497 492)
3(61 505 60)
3(197 67 532)
3(39 512 195)
3(203 74 541)
3(227 110 111)
3(224 105 106)
3(230 121 12)
3(19 218 18)
3(545 498 408)
3(540 458 206)
3(65 66 448)
3(569 213 481)
3(195 472 38)
3(39 40 512)
3(398 185 571)
3(110 250 109)
3(110 227 250)
3(417 564 397)
3(327 349 459)
3(1 244 245)
3(527 36 37)
3(502 497 221)
3(527 37 472)
3(580 107 248)
3(191 525 529)
3(4 71 568)
3(19 492 218)
3(530 527 472)
3(35 535 34)
3(543 225 393)
3(507 119 222)
3(474 33 34)
3(221 21 566)
3(562 117 7)
3(204 533 579)
3(199 35 36)
3(228 567 62)
3(571 393 372)
3(417 416 564)
3(531 107 108)
3(107 580 106)
3(416 195 564)
3(185 543 393)
3(568 71 229)
3(246 247 248)
3(508 582 382)
3(512 564 195)
3(372 373 571)
3(230 552 121)
3(349 540 459)
3(117 562 241)
3(209 31 575)
3(32 575 31)
3(185 393 571)
3(543 185 42)
3(526 222 552)
3(569 481 410)
3(121 552 120)
3(239 241 581)
3(245 244 556)
3(583 555 218)
3(552 230 243)
3(221 566 502)
3(535 35 199)
3(547 352 459)
3(532 216 577)
3(564 512 397)
3(578 350 413)
3(569 408 498)
3(108 226 531)
3(547 448 584)
3(507 581 241)
3(552 222 120)
3(577 430 532)
3(229 506 568)
3(242 526 243)
3(583 234 232)
3(403 474 535)
3(222 526 581)
3(507 562 118)
3(578 474 403)
3(505 61 567)
3(228 505 567)
3(13 585 230)
3(562 507 241)
3(13 230 12)
3(243 585 212)
3(585 243 230)
3(482 473 494)
3(466 547 584)
3(583 218 234)
3(511 510 395)
3(517 353 518)
3(516 282 280)
3(486 519 518)
3(346 334 353)
3(334 486 353)
3(524 282 516)
3(433 524 516)
3(362 365 361)
3(492 20 221)
3(239 526 242)
3(480 220 23)
3(409 388 395)
3(278 482 359)
3(93 94 528)
3(95 200 94)
3(510 102 103)
3(205 519 431)
3(200 433 523)
3(494 536 359)
3(521 90 542)
3(559 454 554)
3(574 187 563)
3(453 81 208)
3(546 548 194)
3(458 386 228)
3(89 5 194)
3(83 84 189)
3(461 466 357)
3(87 88 525)
3(84 85 455)
3(343 290 356)
3(280 355 516)
3(279 363 473)
3(280 278 355)
3(91 92 198)
3(536 538 198)
3(484 546 354)
3(5 90 521)
3(476 343 370)
3(354 363 279)
3(363 538 494)
3(523 516 355)
3(375 355 359)
3(92 93 520)
3(536 520 375)
3(523 375 528)
3(90 91 542)
3(538 376 542)
3(550 548 380)
3(88 89 550)
3(525 88 550)
3(455 553 557)
3(85 86 456)
3(295 470 377)
3(293 295 358)
3(549 358 553)
3(291 293 549)
3(484 370 548)
3(457 529 551)
3(370 356 380)
3(529 525 380)
3(550 380 525)
3(455 456 553)
3(358 377 557)
3(189 557 537)
3(558 537 377)
3(188 559 572)
3(454 559 188)
3(188 80 453)
3(452 454 453)
3(353 486 518)
3(542 91 198)
3(538 542 198)
3(395 388 379)
3(524 433 522)
3(334 288 486)
3(538 363 376)
3(328 561 558)
3(455 557 189)
3(84 455 189)
3(370 343 356)
3(103 217 510)
3(466 430 357)
3(547 206 448)
3(510 511 211)
3(358 557 553)
3(92 520 198)
3(536 198 520)
3(537 451 450)
3(278 359 355)
3(470 558 377)
3(355 375 523)
3(453 454 188)
3(523 528 200)
3(94 200 528)
3(486 351 519)
3(208 452 453)
3(554 446 559)
3(386 349 385)
3(521 546 194)
3(5 521 194)
3(356 529 380)
3(285 484 354)
3(361 360 362)
3(365 362 366)
3(299 328 470)
3(346 353 360)
3(370 380 548)
3(570 563 187)
3(516 523 433)
3(452 565 454)
3(375 520 528)
3(93 528 520)
3(409 395 217)
3(359 536 375)
3(377 537 557)
3(345 334 346)
3(554 565 329)
3(447 570 539)
3(430 197 532)
3(481 560 410)
3(440 343 476)
3(277 278 280)
3(274 290 343)
3(378 366 379)
3(570 444 442)
3(383 371 364)
3(561 452 451)
3(284 524 351)
3(430 466 584)
3(295 377 358)
3(273 482 278)
3(517 518 420)
3(411 346 361)
3(83 189 450)
3(537 450 189)
3(473 269 279)
3(384 361 365)
3(441 340 371)
3(331 332 462)
3(442 371 563)
3(294 296 295)
3(494 538 536)
3(458 64 206)
3(271 473 482)
3(287 284 288)
3(263 275 274)
3(544 530 415)
3(576 582 449)
3(340 331 364)
3(432 433 200)
3(95 432 200)
3(425 318 426)
3(434 426 318)
3(323 460 441)
3(276 273 277)
3(413 333 345)
3(466 461 352)
3(344 281 283)
3(402 283 287)
3(272 271 273)
3(418 277 281)
3(460 321 340)
3(533 365 378)
3(445 443 444)
3(382 332 381)
3(321 322 331)
3(350 287 333)
3(314 316 460)
3(518 519 205)
3(286 270 272)
3(321 316 319)
3(414 272 276)
3(300 303 434)
3(560 388 410)
3(404 344 402)
3(319 317 324)
3(469 304 329)
3(416 414 415)
3(425 337 467)
3(373 336 396)
3(339 424 423)
3(46 435 406)
3(113 235 223)
3(293 358 549)
3(425 424 339)
3(22 220 244)
3(1 22 244)
3(422 338 339)
3(403 402 350)
3(291 549 551)
3(247 220 480)
3(425 426 424)
3(481 25 26)
3(244 246 556)
3(496 28 204)
3(235 233 223)
3(232 223 233)
3(548 550 194)
3(89 194 550)
3(27 496 210)
3(475 384 533)
3(249 556 226)
3(234 497 227)
3(250 227 497)
3(253 186 406)
3(111 231 227)
3(234 227 231)
3(115 219 237)
3(236 534 233)
3(201 33 474)
3(386 540 349)
3(232 233 488)
3(534 488 233)
3(232 234 231)
3(236 238 240)
3(240 238 242)
3(239 242 238)
3(214 488 534)
3(545 408 224)
3(199 527 405)
3(492 497 234)
3(535 199 403)
3(213 24 25)
3(6 249 226)
3(502 245 249)
3(1 566 21)
3(506 70 568)
3(4 568 70)
3(555 18 218)
3(107 531 248)
3(246 248 531)
3(207 53 421)
3(250 497 502)
3(526 239 581)
3(508 577 216)
3(566 1 245)
3(502 566 245)
3(222 581 507)
3(52 501 51)
3(527 199 36)
3(512 40 398)
3(225 43 251)
3(555 583 488)
3(232 488 583)
3(212 242 243)
3(34 535 474)
3(186 44 45)
3(437 438 495)
3(13 14 585)
3(212 585 14)
3(386 215 505)
3(106 580 224)
3(545 224 580)
3(3 567 61)
3(546 521 376)
3(456 457 553)
3(457 549 553)
3(191 457 456)
3(492 234 218)
3(409 407 408)
3(354 546 376)
3(105 224 407)
3(224 408 407)
3(32 201 575)
3(580 248 545)
3(247 545 248)
3(133 23 22)
3(24 133 134)
3(133 24 23)
3(133 22 132)
3(131 21 20)
3(20 130 131)
3(41 150 151)
3(19 130 20)
3(130 19 129)
3(25 135 136)
3(38 147 148)
3(138 27 137)
3(147 38 37)
3(33 32 142)
3(27 138 28)
3(149 38 148)
3(38 149 39)
3(33 142 143)
3(8 12 0)
3(150 41 40)
3(18 17 128)
3(17 127 128)
3(42 41 152)
3(125 14 124)
3(135 24 134)
3(15 126 16)
3(36 35 145)
3(139 29 28)
3(138 139 28)
3(129 18 128)
3(139 30 29)
3(14 125 15)
3(127 17 16)
3(26 137 27)
3(19 18 129)
3(151 152 41)
3(152 2 42)
3(126 15 125)
3(31 30 140)
3(36 145 146)
3(2 152 10)
3(34 143 144)
3(137 26 136)
3(12 8 122)
3(30 139 140)
3(143 34 33)
3(40 39 149)
3(131 9 1)
3(37 36 147)
3(144 35 34)
3(35 144 145)
3(149 150 40)
3(141 32 31)
3(13 123 124)
3(123 13 122)
3(12 122 13)
3(1 132 22)
3(25 136 26)
3(127 16 126)
3(132 1 9)
3(140 141 31)
3(24 135 25)
3(1 21 131)
3(141 142 32)
3(13 124 14)
3(147 36 146)
3(164 53 163)
3(154 155 44)
3(44 153 154)
3(163 53 162)
3(52 162 53)
3(160 51 50)
3(51 160 161)
3(162 52 161)
3(43 153 44)
3(156 45 155)
3(46 45 156)
3(50 159 160)
3(53 164 54)
3(46 157 47)
3(157 46 156)
3(165 54 164)
3(58 168 169)
3(50 49 159)
3(49 158 159)
3(59 169 60)
3(43 10 153)
3(165 166 55)
3(158 49 48)
3(58 169 59)
3(10 43 2)
3(48 47 157)
3(165 55 54)
3(166 167 56)
3(157 158 48)
3(168 57 167)
3(168 58 57)
3(56 55 166)
3(174 175 65)
3(56 167 57)
3(170 60 169)
3(65 64 174)
3(69 180 70)
3(180 69 179)
3(176 177 67)
3(176 67 66)
3(179 68 178)
3(179 69 68)
3(175 176 66)
3(3 172 62)
3(172 63 62)
3(172 3 11)
3(68 177 178)
3(67 177 68)
3(63 172 173)
3(170 61 60)
3(65 175 66)
3(171 11 3)
3(61 170 171)
3(64 63 173)
3(64 173 174)
3(4 70 180)
3(52 51 161)
3(44 155 45)
3(3 61 171)
3(8 0 121)
3(182 120 119)
3(183 120 182)
3(119 118 181)
3(119 181 182)
3(181 118 7)
3(8 121 184)
3(183 121 120)
3(121 183 184)
3(853 954 958)
3(973 76 75)
3(790 797 791)
3(758 915 917)
3(922 753 920)
3(932 599 801)
3(936 77 587)
3(589 80 79)
3(822 821 98)
3(948 684 947)
3(927 757 778)
3(80 845 81)
3(754 837 965)
3(975 900 796)
3(900 946 796)
3(920 917 821)
3(846 853 847)
3(973 587 76)
3(590 83 82)
3(811 675 775)
3(589 79 967)
3(603 822 97)
3(733 777 772)
3(955 958 873)
3(939 889 934)
3(793 909 611)
3(590 847 848)
3(949 854 929)
3(72 629 838)
3(947 683 757)
3(742 704 733)
3(759 760 758)
3(938 74 605)
3(985 629 916)
3(973 785 962)
3(77 936 78)
3(605 73 838)
3(915 793 910)
3(759 752 799)
3(97 96 603)
3(770 771 760)
3(177 176 599)
3(733 772 742)
3(605 977 972)
3(885 928 931)
3(789 964 790)
3(783 936 966)
3(924 755 923)
3(587 962 966)
3(929 761 949)
3(780 790 791)
3(730 721 754)
3(676 673 675)
3(75 938 785)
3(752 758 753)
3(959 772 777)
3(917 915 604)
3(747 753 922)
3(799 752 751)
3(587 77 76)
3(102 611 906)
3(791 797 617)
3(690 951 872)
3(774 785 763)
3(938 972 785)
3(607 792 861)
3(170 912 171)
3(677 926 928)
3(934 674 931)
3(962 774 868)
3(779 780 771)
3(966 868 773)
3(910 100 604)
3(762 781 801)
3(611 909 906)
3(878 939 764)
3(718 865 805)
3(776 963 775)
3(757 743 764)
3(78 967 79)
3(682 747 922)
3(915 910 604)
3(950 690 688)
3(682 680 681)
3(678 679 680)
3(797 795 617)
3(982 792 940)
3(104 103 617)
3(679 676 811)
3(731 864 732)
3(676 678 677)
3(685 684 686)
3(972 864 763)
3(673 677 885)
3(682 746 747)
3(977 782 864)
3(926 755 924)
3(752 747 751)
3(678 926 677)
3(854 87 86)
3(835 774 739)
3(691 872 694)
3(674 671 885)
3(73 605 74)
3(763 731 739)
3(688 687 686)
3(722 958 954)
3(846 82 81)
3(870 868 835)
3(926 678 755)
3(972 938 605)
3(689 690 691)
3(780 789 790)
3(838 73 72)
3(669 674 889)
3(784 776 734)
3(801 974 762)
3(961 954 853)
3(865 740 805)
3(694 729 696)
3(732 782 781)
3(912 170 615)
3(104 617 795)
3(681 679 807)
3(755 680 911)
3(773 870 742)
3(733 704 702)
3(743 880 878)
3(742 867 704)
3(689 688 690)
3(878 668 889)
3(870 720 867)
3(782 985 916)
3(99 98 821)
3(757 683 743)
3(739 717 862)
3(98 97 822)
3(671 672 673)
3(862 720 835)
3(665 683 684)
3(717 731 719)
3(819 672 670)
3(734 675 672)
3(670 671 669)
3(683 664 743)
3(787 792 982)
3(667 669 668)
3(599 176 836)
3(872 953 729)
3(775 809 811)
3(947 856 948)
3(692 691 693)
3(880 662 668)
3(874 687 689)
3(687 744 685)
3(691 692 689)
3(974 801 837)
3(721 863 754)
3(784 819 816)
3(696 873 698)
3(939 878 889)
3(668 878 880)
3(871 702 700)
3(804 805 740)
3(779 789 780)
3(685 833 665)
3(689 687 688)
3(694 695 693)
3(845 80 589)
3(729 873 696)
3(696 697 695)
3(689 692 874)
3(719 732 762)
3(977 605 838)
3(694 693 691)
3(675 734 775)
3(726 874 692)
3(661 880 664)
3(665 663 664)
3(743 664 880)
3(693 715 692)
3(744 687 874)
3(820 670 667)
3(764 743 878)
3(705 867 708)
3(665 664 683)
3(701 702 703)
3(704 705 703)
3(720 710 708)
3(723 740 865)
3(722 700 698)
3(696 695 694)
3(666 667 662)
3(761 686 948)
3(875 693 695)
3(886 876 832)
3(742 870 867)
3(712 710 862)
3(717 716 712)
3(726 692 715)
3(685 744 833)
3(665 684 685)
3(698 873 722)
3(805 806 894)
3(695 877 875)
3(666 813 820)
3(693 875 715)
3(835 868 774)
3(833 663 665)
3(889 668 669)
3(722 871 700)
3(955 729 953)
3(697 698 699)
3(859 886 858)
3(661 664 663)
3(660 662 661)
3(865 711 713)
3(699 700 701)
3(728 715 875)
3(662 880 661)
3(667 668 662)
3(726 891 874)
3(701 700 702)
3(705 704 867)
3(703 702 704)
3(733 702 871)
3(715 727 726)
3(659 661 663)
3(706 705 707)
3(708 867 720)
3(708 709 707)
3(713 723 865)
3(948 686 684)
3(678 680 755)
3(788 770 759)
3(862 710 720)
3(874 891 744)
3(727 715 728)
3(768 875 877)
3(890 744 891)
3(884 833 890)
3(709 710 711)
3(884 663 833)
3(660 812 666)
3(865 718 711)
3(916 913 616)
3(746 681 756)
3(666 662 660)
3(821 917 604)
3(711 718 709)
3(809 807 811)
3(726 727 738)
3(659 658 660)
3(659 663 884)
3(875 768 728)
3(890 833 744)
3(853 846 845)
3(707 705 708)
3(953 872 951)
3(711 712 713)
3(705 706 703)
3(912 982 628)
3(660 661 659)
3(736 740 723)
3(696 698 697)
3(740 803 804)
3(710 709 708)
3(886 769 876)
3(945 983 779)
3(99 821 604)
3(884 656 659)
3(724 707 866)
3(983 789 779)
3(699 698 700)
3(912 787 982)
3(659 656 658)
3(866 707 709)
3(711 710 712)
3(803 740 736)
3(716 719 863)
3(101 100 910)
3(812 660 658)
3(884 657 656)
3(794 750 893)
3(945 779 770)
3(709 718 866)
3(750 749 728)
3(707 724 706)
3(810 891 738)
3(890 810 657)
3(910 611 101)
3(838 985 977)
3(869 832 714)
3(713 712 716)
3(890 657 884)
3(728 749 727)
3(651 588 154)
3(746 897 751)
3(164 163 839)
3(134 133 881)
3(163 162 841)
3(154 588 155)
3(651 154 153)
3(738 891 726)
3(769 859 893)
3(741 724 866)
3(133 132 620)
3(155 588 842)
3(803 736 786)
3(820 667 666)
3(713 716 721)
3(160 857 161)
3(834 701 703)
3(162 161 594)
3(113 112 623)
3(844 842 588)
3(656 657 655)
3(767 832 766)
3(735 725 724)
3(748 810 902)
3(161 857 594)
3(156 155 842)
3(834 703 706)
3(159 860 160)
3(629 913 916)
3(977 985 782)
3(768 769 750)
3(843 842 844)
3(842 608 156)
3(655 657 748)
3(157 156 608)
3(794 749 750)
3(588 883 844)
3(165 164 592)
3(169 168 802)
3(651 883 588)
3(114 113 635)
3(750 728 768)
3(899 841 594)
3(842 843 608)
3(858 594 857)
3(893 859 860)
3(608 895 157)
3(902 810 738)
3(907 806 804)
3(891 810 890)
3(844 748 902)
3(131 130 621)
3(832 869 766)
3(749 901 727)
3(706 725 834)
3(810 748 657)
3(844 902 843)
3(869 701 834)
3(100 99 604)
3(898 901 749)
3(893 860 595)
3(858 886 767)
3(738 901 902)
3(714 699 869)
3(893 595 794)
3(714 697 699)
3(802 168 597)
3(158 595 159)
3(877 695 697)
3(883 655 748)
3(615 169 802)
3(877 697 714)
3(162 594 841)
3(839 592 164)
3(877 714 876)
3(843 901 898)
3(176 175 836)
3(748 844 883)
3(876 769 768)
3(735 724 741)
3(725 706 724)
3(898 608 843)
3(899 737 765)
3(860 859 857)
3(765 737 735)
3(869 699 701)
3(876 714 832)
3(115 114 637)
3(840 592 839)
3(876 768 877)
3(766 834 725)
3(625 153 10)
3(901 843 902)
3(861 754 965)
3(737 766 725)
3(840 735 741)
3(786 615 802)
3(727 901 738)
3(165 903 166)
3(102 101 611)
3(607 940 792)
3(899 594 858)
3(767 899 858)
3(893 750 769)
3(96 95 824)
3(635 637 114)
3(895 595 158)
3(166 907 167)
3(157 895 158)
3(895 794 595)
3(742 772 773)
3(781 782 916)
3(658 654 818)
3(168 167 597)
3(857 859 858)
3(905 903 592)
3(916 978 781)
3(840 905 592)
3(749 794 898)
3(803 786 802)
3(718 805 894)
3(641 116 619)
3(841 765 839)
3(966 773 783)
3(796 946 624)
3(907 597 167)
3(656 655 654)
3(600 944 808)
3(654 658 656)
3(840 839 765)
3(895 898 794)
3(846 81 845)
3(592 903 165)
3(965 607 861)
3(735 840 765)
3(820 816 819)
3(905 894 806)
3(153 625 651)
3(166 903 907)
3(798 975 796)
3(879 143 602)
3(150 817 151)
3(819 784 734)
3(806 805 804)
3(174 607 175)
3(905 806 903)
3(136 135 882)
3(866 894 741)
3(170 169 615)
3(840 741 905)
3(175 607 836)
3(814 813 812)
3(803 597 804)
3(803 802 597)
3(610 136 882)
3(147 921 148)
3(798 796 797)
3(913 180 179)
3(138 137 914)
3(183 182 622)
3(149 148 596)
3(625 653 652)
3(817 586 151)
3(654 652 653)
3(904 937 614)
3(142 602 143)
3(71 629 72)
3(609 892 788)
3(800 799 751)
3(658 818 812)
3(116 115 619)
3(134 881 613)
3(117 116 641)
3(649 650 109)
3(181 919 182)
3(179 178 616)
3(894 905 741)
3(762 863 719)
3(730 745 736)
3(610 964 789)
3(723 713 721)
3(956 128 127)
3(800 609 799)
3(883 651 652)
3(638 637 636)
3(635 633 636)
3(718 894 866)
3(903 806 907)
3(897 746 756)
3(820 813 816)
3(112 111 631)
3(177 932 178)
3(637 635 636)
3(762 732 781)
3(135 134 613)
3(653 818 654)
3(609 140 892)
3(817 150 930)
3(736 723 730)
3(723 721 730)
3(633 937 636)
3(650 649 908)
3(606 138 914)
3(623 632 633)
3(112 631 623)
3(109 6 649)
3(130 129 888)
3(609 800 979)
3(105 104 795)
3(964 798 790)
3(971 784 816)
3(815 817 930)
3(638 636 640)
3(147 918 921)
3(881 647 900)
3(179 616 913)
3(892 139 606)
3(138 606 139)
3(129 128 618)
3(786 736 745)
3(602 800 897)
3(646 644 957)
3(612 640 904)
3(74 938 75)
3(612 642 640)
3(778 764 941)
3(787 615 786)
3(814 812 818)
3(10 943 625)
3(950 688 761)
3(151 586 152)
3(652 654 655)
3(817 815 814)
3(633 632 887)
3(609 788 799)
3(126 125 904)
3(954 871 722)
3(836 607 965)
3(172 11 969)
3(646 648 647)
3(800 751 897)
3(940 607 174)
3(172 628 173)
3(983 914 789)
3(613 881 900)
3(145 600 146)
3(861 745 730)
3(596 930 149)
3(648 107 980)
3(652 651 625)
3(914 137 610)
3(640 636 937)
3(653 943 586)
3(937 887 614)
3(788 759 799)
3(125 612 904)
3(181 7 960)
3(152 943 10)
3(964 610 882)
3(900 647 946)
3(6 108 626)
3(745 787 786)
3(143 879 144)
3(813 815 816)
3(792 787 745)
3(892 945 788)
3(975 798 882)
3(111 110 627)
3(106 105 624)
3(122 184 630)
3(629 71 970)
3(137 136 610)
3(643 952 933)
3(110 650 627)
3(956 618 128)
3(139 892 140)
3(892 606 945)
3(141 609 979)
3(686 761 688)
3(984 879 602)
3(614 887 956)
3(171 969 11)
3(613 975 882)
3(814 815 813)
3(807 808 756)
3(125 124 612)
3(131 968 9)
3(809 808 807)
3(122 8 184)
3(904 640 937)
3(110 109 650)
3(817 976 586)
3(621 888 896)
3(940 173 628)
3(971 596 784)
3(127 614 956)
3(647 648 946)
3(618 888 129)
3(970 71 4)
3(908 896 650)
3(978 801 781)
3(951 690 950)
3(762 974 863)
3(627 650 896)
3(144 944 145)
3(783 773 772)
3(918 776 921)
3(7 117 960)
3(935 626 108)
3(957 644 645)
3(622 933 952)
3(602 897 984)
3(606 914 983)
3(817 814 976)
3(808 984 756)
3(586 976 653)
3(641 960 117)
3(108 107 935)
3(107 106 980)
3(935 648 646)
3(837 836 965)
3(149 930 150)
3(943 152 586)
3(734 776 775)
3(945 606 983)
3(984 897 756)
3(645 9 968)
3(916 616 978)
3(630 184 952)
3(798 964 882)
3(887 986 956)
3(630 952 643)
3(940 174 173)
3(600 963 918)
3(987 124 123)
3(913 629 970)
3(982 940 628)
3(818 976 814)
3(808 879 984)
3(775 963 809)
3(183 622 952)
3(613 900 975)
3(596 971 930)
3(642 612 643)
3(621 908 968)
3(815 930 971)
3(816 815 971)
3(144 879 944)
3(172 969 628)
3(184 183 952)
3(622 981 933)
3(960 919 181)
3(639 933 981)
3(630 987 123)
3(123 122 630)
3(960 641 919)
3(963 600 809)
3(987 630 643)
3(906 791 617)
3(831 941 939)
3(967 783 959)
3(933 639 642)
3(823 911 922)
3(827 928 826)
3(130 888 621)
3(620 881 133)
3(915 760 793)
3(601 94 93)
3(920 753 917)
3(825 924 824)
3(96 824 603)
3(95 94 825)
3(909 791 906)
3(771 909 793)
3(103 102 906)
3(923 823 603)
3(826 825 601)
3(823 920 822)
3(926 924 826)
3(934 829 831)
3(926 826 928)
3(850 951 852)
3(927 856 947)
3(837 754 974)
3(846 590 82)
3(986 634 618)
3(828 827 601)
3(925 778 942)
3(855 87 854)
3(925 5 89)
3(849 84 83)
3(948 856 949)
3(927 925 593)
3(829 931 827)
3(848 847 955)
3(959 777 961)
3(961 845 589)
3(836 837 599)
3(87 855 88)
3(851 85 84)
3(591 85 851)
3(953 850 848)
3(849 850 851)
3(851 852 591)
3(598 831 830)
3(91 830 92)
3(829 828 830)
3(942 90 5)
3(831 939 934)
3(828 93 92)
3(598 90 942)
3(598 91 90)
3(593 89 88)
3(88 855 593)
3(950 929 852)
3(854 86 591)
3(591 86 85)
3(856 593 855)
3(848 849 590)
3(959 589 967)
3(967 78 936)
3(973 75 785)
3(823 922 920)
3(830 91 598)
3(909 780 791)
3(925 927 778)
3(923 824 924)
3(911 682 922)
3(598 941 831)
3(967 936 783)
3(955 847 958)
3(84 849 851)
3(103 906 617)
3(851 850 852)
3(92 830 828)
3(846 847 590)
3(827 931 928)
3(953 848 955)
3(601 827 826)
3(959 961 589)
3(94 601 825)
3(927 947 757)
3(855 854 949)
3(923 911 823)
3(961 853 845)
3(824 923 603)
3(959 783 772)
3(5 925 942)
3(855 949 856)
3(764 778 757)
3(915 758 760)
3(793 760 771)
3(955 873 729)
3(931 829 934)
3(758 917 753)
3(927 593 856)
3(973 962 587)
3(924 825 826)
3(777 954 961)
3(93 828 601)
3(828 829 827)
3(850 849 848)
3(690 872 691)
3(932 801 978)
3(753 747 752)
3(954 777 871)
3(587 966 936)
3(177 599 932)
3(947 684 683)
3(928 885 677)
3(780 909 771)
3(962 868 966)
3(972 763 785)
3(853 958 847)
3(911 923 755)
3(599 837 801)
3(850 953 951)
3(948 949 761)
3(931 674 885)
3(822 920 821)
3(758 752 759)
3(83 590 849)
3(873 958 722)
3(760 759 770)
3(763 739 774)
3(782 732 864)
3(785 774 962)
3(730 754 861)
3(729 694 872)
3(830 831 829)
3(972 977 864)
3(675 673 672)
3(934 889 674)
3(911 680 682)
3(685 686 687)
3(629 985 838)
3(864 731 763)
3(95 825 824)
3(793 611 910)
3(739 862 835)
3(885 671 673)
3(747 746 751)
3(863 974 754)
3(679 678 676)
3(680 679 681)
3(674 669 671)
3(676 677 673)
3(731 717 739)
3(870 835 720)
3(779 771 770)
3(868 870 773)
3(732 719 731)
3(776 784 921)
3(746 682 681)
3(717 712 862)
3(603 823 822)
3(670 669 667)
3(719 716 717)
3(672 671 670)
3(676 675 811)
3(797 790 798)
3(679 811 807)
3(863 721 716)
3(734 672 819)
3(666 812 813)
3(171 912 969)
3(899 767 737)
3(886 859 769)
3(907 804 597)
3(113 623 635)
3(633 635 623)
3(852 951 950)
3(766 737 767)
3(941 764 939)
3(881 620 647)
3(620 646 647)
3(646 620 644)
3(620 132 644)
3(725 735 737)
3(756 681 807)
3(761 929 950)
3(767 886 832)
3(935 646 957)
3(869 834 766)
3(819 670 820)
3(89 593 925)
3(904 614 126)
3(127 126 614)
3(610 789 914)
3(132 9 644)
3(645 644 9)
3(945 770 788)
3(935 957 626)
3(111 627 631)
3(115 637 619)
3(638 619 637)
3(638 639 619)
3(639 641 619)
3(649 645 908)
3(968 908 645)
3(888 634 896)
3(627 896 634)
3(745 861 792)
3(140 609 141)
3(596 921 784)
3(627 634 631)
3(642 638 640)
3(178 932 616)
3(633 887 937)
3(776 918 963)
3(618 634 888)
3(809 600 808)
3(882 135 613)
3(957 649 626)
3(6 626 649)
3(634 632 631)
3(623 631 632)
3(957 645 649)
3(621 968 131)
3(595 860 159)
3(4 180 970)
3(860 857 160)
3(986 618 956)
3(107 648 935)
3(839 163 841)
3(621 896 908)
3(641 639 981)
3(932 978 616)
3(899 765 841)
3(986 887 632)
3(634 986 632)
3(641 981 919)
3(600 918 146)
3(600 145 944)
3(898 895 608)
3(602 142 979)
3(141 979 142)
3(643 612 987)
3(124 987 612)
3(933 642 643)
3(808 944 879)
3(652 655 883)
3(180 913 970)
3(182 919 622)
3(981 622 919)
3(921 596 148)
3(615 787 912)
3(818 653 976)
3(106 624 980)
3(625 943 653)
3(628 969 912)
3(778 941 942)
3(941 598 942)
3(591 852 929)
3(591 929 854)
3(624 946 980)
3(648 980 946)
3(777 733 871)
3(624 795 796)
3(797 796 795)
3(638 642 639)
3(105 795 624)
3(800 602 979)
3(918 147 146)
)


// ************************************************************************* //
