/*--------------------------------*- C++ -*----------------------------------*\
| =========                 |                                                 |
| \\      /  F ield         | OpenFOAM: The Open Source CFD Toolbox           |
|  \\    /   O peration     | Version:  2412                                  |
|   \\  /    A nd           | Website:  www.openfoam.com                      |
|    \\/     M anipulation  |                                                 |
\*---------------------------------------------------------------------------*/
FoamFile
{
    version     2.0;
    format      ascii;
    arch        "LSB;label=32;scalar=64";
    note        "nPoints:148  nCells:312  nFaces:769  nInternalFaces:479";
    class       labelList;
    location    "constant/polyMesh";
    object      neighbour;
}
// * * * * * * * * * * * * * * * * * * * * * * * * * * * * * * * * * * * * * //


479
(
1
2
266
4
267
3
148
267
5
151
266
5
101
266
108
267
10
18
29
9
55
65
9
15
68
27
59
21
26
18
20
15
27
174
19
20
30
16
21
22
177
17
25
83
24
82
19
26
35
43
24
34
23
25
29
28
268
32
36
31
29
35
56
44
62
34
58
81
37
46
271
58
64
45
268
39
272
40
50
269
41
54
288
45
51
97
56
270
51
88
44
53
55
71
102
47
48
274
49
271
50
51
54
71
105
55
56
64
59
58
101
61
275
287
69
87
64
71
65
117
178
68
118
76
80
232
296
181
72
276
94
142
162
118
213
76
123
90
150
90
147
223
241
84
156
165
96
98
99
191
104
124
148
151
146
101
108
125
125
133
102
133
85
94
161
93
171
169
211
273
130
131
95
109
229
121
170
205
184
216
234
94
168
193
96
114
228
230
102
131
114
284
120
201
110
197
278
141
111
166
182
119
162
117
286
129
280
109
121
142
114
122
178
181
198
177
190
145
153
247
117
275
286
167
206
129
221
293
118
172
189
175
284
122
204
220
135
139
154
189
142
168
134
150
134
300
163
188
235
149
136
165
171
167
292
141
168
158
298
156
161
239
139
157
303
173
175
156
145
252
171
155
279
170
204
208
187
175
285
150
158
236
202
167
292
162
179
185
207
217
169
187
202
208
173
183
213
299
244
212
257
295
166
215
248
193
250
187
196
231
171
174
237
219
224
179
203
224
201
177
190
195
223
233
233
277
205
185
218
283
243
186
215
227
201
309
188
256
205
229
209
253
208
224
227
201
251
219
264
203
206
226
237
310
236
243
209
210
238
304
238
243
228
258
255
290
207
220
240
248
219
212
245
264
214
247
265
307
216
249
218
239
248
241
282
260
257
265
227
226
258
240
259
229
230
263
245
241
283
243
246
249
256
242
254
238
281
244
241
253
255
304
294
252
249
252
254
260
263
308
255
261
262
263
263
308
261
291
295
265
269
270
271
271
274
288
274
289
276
277
278
278
305
280
311
281
310
283
284
285
285
287
288
289
289
291
292
293
293
295
296
297
297
300
306
301
307
301
302
303
303
305
306
307
307
309
310
311
311
)


// ************************************************************************* //
