/*--------------------------------*- C++ -*----------------------------------*\
| =========                 |                                                 |
| \\      /  F ield         | OpenFOAM: The Open Source CFD Toolbox           |
|  \\    /   O peration     | Version:  2412                                  |
|   \\  /    A nd           | Website:  www.openfoam.com                      |
|    \\/     M anipulation  |                                                 |
\*---------------------------------------------------------------------------*/
FoamFile
{
    version     2.0;
    format      ascii;
    arch        "LSB;label=32;scalar=64";
    note        "nPoints:63  nCells:110  nFaces:281  nInternalFaces:159";
    class       labelList;
    location    "constant/polyMesh";
    object      owner;
}
// * * * * * * * * * * * * * * * * * * * * * * * * * * * * * * * * * * * * * //


281
(
0
0
1
1
1
2
2
3
3
3
4
4
5
5
6
6
7
7
8
8
9
9
10
10
11
11
11
12
13
13
13
14
14
15
15
16
16
16
17
17
17
19
19
20
20
20
21
21
22
22
23
24
25
25
26
27
27
28
30
32
32
34
35
35
35
36
37
37
37
38
38
38
39
39
40
40
41
41
41
42
42
43
43
44
44
45
45
47
47
47
48
49
50
51
51
52
52
53
55
56
57
59
59
59
60
62
63
64
64
65
65
65
66
66
66
67
67
67
68
69
70
70
71
71
72
74
74
75
76
78
78
79
80
82
82
83
84
86
88
88
89
90
92
94
95
96
96
97
97
98
100
102
102
103
104
106
106
107
108
0
1
2
3
4
5
6
7
8
9
14
15
18
21
22
23
27
28
30
31
32
36
37
43
49
53
55
57
58
60
63
65
70
71
72
75
77
78
85
86
88
93
94
96
101
105
107
109
8
15
82
91
11
12
17
25
27
29
32
33
36
38
40
45
46
47
52
54
55
102
28
99
101
0
2
5
6
7
9
10
12
14
16
18
19
21
24
25
26
33
35
41
42
44
46
48
50
54
56
61
62
64
66
67
68
69
70
71
73
74
79
81
82
84
89
91
92
95
99
100
102
108
)


// ************************************************************************* //
