/*--------------------------------*- C++ -*----------------------------------*\
| =========                 |                                                 |
| \\      /  F ield         | OpenFOAM: The Open Source CFD Toolbox           |
|  \\    /   O peration     | Version:  2412                                  |
|   \\  /    A nd           | Website:  www.openfoam.com                      |
|    \\/     M anipulation  |                                                 |
\*---------------------------------------------------------------------------*/
FoamFile
{
    version     2.0;
    format      ascii;
    arch        "LSB;label=32;scalar=64";
    class       vectorField;
    location    "constant/polyMesh";
    object      points;
}
// * * * * * * * * * * * * * * * * * * * * * * * * * * * * * * * * * * * * * //


992
(
(0 0.4999809615 -0.004363267749)
(1 0.2999885769 -0.00261796065)
(3 0.9999619231 -0.008726535498)
(5 0.9999619231 -0.008726535498)
(5 0 0)
(3 0 0)
(1 0 0)
(0 0 0)
(0 0.4999809615 0.004363267749)
(1 0.2999885769 0.00261796065)
(3 0.9999619231 0.008726535498)
(5 0.9999619231 0.008726535498)
(0.09090909091 0.4817998357 -0.004204603467)
(0.1818181818 0.4636187098 -0.004045939186)
(0.2727272727 0.4454375839 -0.003887274904)
(0.3636363636 0.427256458 -0.003728610622)
(0.4545454545 0.4090753322 -0.00356994634)
(0.5454545455 0.3908942063 -0.003411282058)
(0.6363636364 0.3727130804 -0.003252617777)
(0.7272727273 0.3545319545 -0.003093953495)
(0.8181818182 0.3363508287 -0.002935289213)
(0.9090909091 0.3181697028 -0.002776624931)
(1.090909091 0.3318055472 -0.002895623143)
(1.181818182 0.3636225175 -0.003173285636)
(1.272727273 0.3954394878 -0.003450948129)
(1.363636364 0.427256458 -0.003728610622)
(1.454545455 0.4590734283 -0.004006273115)
(1.545454545 0.4908903986 -0.004283935608)
(1.636363636 0.5227073689 -0.004561598101)
(1.727272727 0.5545243392 -0.004839260595)
(1.818181818 0.5863413094 -0.005116923088)
(1.909090909 0.6181582797 -0.005394585581)
(2 0.64997525 -0.005672248074)
(2.090909091 0.6817922203 -0.005949910567)
(2.181818182 0.7136091906 -0.00622757306)
(2.272727273 0.7454261608 -0.006505235553)
(2.363636364 0.7772431311 -0.006782898046)
(2.454545455 0.8090601014 -0.00706056054)
(2.545454545 0.8408770717 -0.007338223033)
(2.636363636 0.8726940419 -0.007615885526)
(2.727272727 0.9045110122 -0.007893548019)
(2.818181818 0.9363279825 -0.008171210512)
(2.909090909 0.9681449528 -0.008448873005)
(3.1 0.9999619231 -0.008726535498)
(3.2 0.9999619231 -0.008726535498)
(3.3 0.9999619231 -0.008726535498)
(3.4 0.9999619231 -0.008726535498)
(3.5 0.9999619231 -0.008726535498)
(3.6 0.9999619231 -0.008726535498)
(3.7 0.9999619231 -0.008726535498)
(3.8 0.9999619231 -0.008726535498)
(3.9 0.9999619231 -0.008726535498)
(4 0.9999619231 -0.008726535498)
(4.1 0.9999619231 -0.008726535498)
(4.2 0.9999619231 -0.008726535498)
(4.3 0.9999619231 -0.008726535498)
(4.4 0.9999619231 -0.008726535498)
(4.5 0.9999619231 -0.008726535498)
(4.6 0.9999619231 -0.008726535498)
(4.7 0.9999619231 -0.008726535498)
(4.8 0.9999619231 -0.008726535498)
(4.9 0.9999619231 -0.008726535498)
(5 0.8999657308 -0.007853881949)
(5 0.7999695385 -0.006981228399)
(5 0.6999733461 -0.006108574849)
(5 0.5999771538 -0.005235921299)
(5 0.4999809615 -0.004363267749)
(5 0.3999847692 -0.003490614199)
(5 0.2999885769 -0.00261796065)
(5 0.1999923846 -0.0017453071)
(5 0.09999619231 -0.0008726535498)
(4.9 0 0)
(4.8 0 0)
(4.7 0 0)
(4.6 0 0)
(4.5 0 0)
(4.4 0 0)
(4.3 0 0)
(4.2 0 0)
(4.1 0 0)
(4 0 0)
(3.9 0 0)
(3.8 0 0)
(3.7 0 0)
(3.6 0 0)
(3.5 0 0)
(3.4 0 0)
(3.3 0 0)
(3.2 0 0)
(3.1 0 0)
(2.9 0 0)
(2.8 0 0)
(2.7 0 0)
(2.6 0 0)
(2.5 0 0)
(2.4 0 0)
(2.3 0 0)
(2.2 0 0)
(2.1 0 0)
(2 0 0)
(1.9 0 0)
(1.8 0 0)
(1.7 0 0)
(1.6 0 0)
(1.5 0 0)
(1.4 0 0)
(1.3 0 0)
(1.2 0 0)
(1.1 0 0)
(0.9 0 0)
(0.8 0 0)
(0.7 0 0)
(0.6 0 0)
(0.5 0 0)
(0.4 0 0)
(0.3 0 0)
(0.2 0 0)
(0.1 0 0)
(0 0.09999619231 -0.0008726535498)
(0 0.1999923846 -0.0017453071)
(0 0.2999885769 -0.00261796065)
(0 0.3999847692 -0.003490614199)
(0.09090909091 0.4817998357 0.004204603467)
(0.1818181818 0.4636187098 0.004045939186)
(0.2727272727 0.4454375839 0.003887274904)
(0.3636363636 0.427256458 0.003728610622)
(0.4545454545 0.4090753322 0.00356994634)
(0.5454545455 0.3908942063 0.003411282058)
(0.6363636364 0.3727130804 0.003252617777)
(0.7272727273 0.3545319545 0.003093953495)
(0.8181818182 0.3363508287 0.002935289213)
(0.9090909091 0.3181697028 0.002776624931)
(1.090909091 0.3318055472 0.002895623143)
(1.181818182 0.3636225175 0.003173285636)
(1.272727273 0.3954394878 0.003450948129)
(1.363636364 0.427256458 0.003728610622)
(1.454545455 0.4590734283 0.004006273115)
(1.545454545 0.4908903986 0.004283935608)
(1.636363636 0.5227073689 0.004561598101)
(1.727272727 0.5545243392 0.004839260595)
(1.818181818 0.5863413094 0.005116923088)
(1.909090909 0.6181582797 0.005394585581)
(2 0.64997525 0.005672248074)
(2.090909091 0.6817922203 0.005949910567)
(2.181818182 0.7136091906 0.00622757306)
(2.272727273 0.7454261608 0.006505235553)
(2.363636364 0.7772431311 0.006782898046)
(2.454545455 0.8090601014 0.00706056054)
(2.545454545 0.8408770717 0.007338223033)
(2.636363636 0.8726940419 0.007615885526)
(2.727272727 0.9045110122 0.007893548019)
(2.818181818 0.9363279825 0.008171210512)
(2.909090909 0.9681449528 0.008448873005)
(3.1 0.9999619231 0.008726535498)
(3.2 0.9999619231 0.008726535498)
(3.3 0.9999619231 0.008726535498)
(3.4 0.9999619231 0.008726535498)
(3.5 0.9999619231 0.008726535498)
(3.6 0.9999619231 0.008726535498)
(3.7 0.9999619231 0.008726535498)
(3.8 0.9999619231 0.008726535498)
(3.9 0.9999619231 0.008726535498)
(4 0.9999619231 0.008726535498)
(4.1 0.9999619231 0.008726535498)
(4.2 0.9999619231 0.008726535498)
(4.3 0.9999619231 0.008726535498)
(4.4 0.9999619231 0.008726535498)
(4.5 0.9999619231 0.008726535498)
(4.6 0.9999619231 0.008726535498)
(4.7 0.9999619231 0.008726535498)
(4.8 0.9999619231 0.008726535498)
(4.9 0.9999619231 0.008726535498)
(5 0.8999657308 0.007853881949)
(5 0.7999695385 0.006981228399)
(5 0.6999733461 0.006108574849)
(5 0.5999771538 0.005235921299)
(5 0.4999809615 0.004363267749)
(5 0.3999847692 0.003490614199)
(5 0.2999885769 0.00261796065)
(5 0.1999923846 0.0017453071)
(5 0.09999619231 0.0008726535498)
(0 0.09999619231 0.0008726535498)
(0 0.1999923846 0.0017453071)
(0 0.2999885769 0.00261796065)
(0 0.3999847692 0.003490614199)
(2.897550266 0.8761967033 -0.007646452788)
(3.249870016 0.9133433515 -0.007970626676)
(4.351148591 0.07176372229 -0.0006262725166)
(4.050252606 0.07739489222 -0.0006754149921)
(3.650538185 0.08250605382 -0.0007200194236)
(3.851061388 0.9129671491 -0.007967343608)
(3.35 0.08659924282 -0.0007557401429)
(4.249676958 0.9091986357 -0.007934456289)
(3.550089522 0.9122123897 -0.007960756922)
(3.050177716 0.07650566485 -0.0006676548224)
(2.616677811 0.7778800928 -0.006788456727)
(4.548733721 0.9094841518 -0.007936947951)
(4.923706703 0.4456285739 -0.003888941648)
(2.751317253 0.07774539865 -0.0006784738154)
(2.338870561 0.6723213267 -0.005867259331)
(2.451116561 0.08141809636 -0.0007105249627)
(2.071007909 0.5842606678 -0.005098765604)
(1.953096415 0.08462917201 -0.0007385475954)
(4.64929709 0.0775012867 -0.0006763434827)
(1.706835861 0.4668272504 -0.004073939696)
(2.151897942 0.08382503611 -0.0007315300077)
(4.897909799 0.6451312853 -0.005629975434)
(4.047984582 0.912811958 -0.007965989275)
(3.849998939 0.08659914612 -0.000755739299)
(1.900018393 0.5189898643 -0.004529155931)
(1.533878501 0.3992306413 -0.003484033024)
(1.754272946 0.08398673625 -0.0007329411434)
(0.2954810914 0.3546774063 -0.003095222834)
(1.341638155 0.3335780641 -0.002911091663)
(0.4964795657 0.3267134309 -0.002851184917)
(4.74846922 0.906996105 -0.007915235095)
(4.923844442 0.2519845063 -0.002199035472)
(1.551722921 0.08433341261 -0.0007359665422)
(0.6691758967 0.2876433317 -0.002510225326)
(0.2529359547 0.08894873535 -0.0007762438536)
(1.164102794 0.2689407604 -0.002347010459)
(0.8478904472 0.2485336813 -0.002168920579)
(0.07806945456 0.2414912429 -0.00210746215)
(0.5506815655 0.08625492557 -0.0007527353317)
(1.355986663 0.08107066203 -0.0007074929493)
(3.052327568 0.9120590618 -0.007959418849)
(1.04705135 0.06598387417 -0.0005758325462)
(0.7483877969 0.08581604483 -0.0007489052776)
(4.913857499 0.8507593756 -0.007424464592)
(4.844562024 0.09484454793 -0.0008276958305)
(0.1261742369 0.4012752271 -0.003501875855)
(0.6494524079 0.08577192959 -0.0007485202896)
(0.5948485738 0.1676288104 -0.001462874466)
(0.50143177 0.1684063935 -0.001469660331)
(0.6898464589 0.1860315589 -0.001623472819)
(0.4518061953 0.08653306434 -0.0007551626121)
(0.4039365905 0.1695642278 -0.001479764598)
(0.3524917973 0.08792339019 -0.0007672958019)
(0.3052226518 0.1734504796 -0.001513679404)
(0.2132311421 0.1800249397 -0.001571053848)
(0.3518070424 0.2568022123 -0.002241078955)
(0.1519148472 0.1001149726 -0.0008736901297)
(0.2571433674 0.2618611096 -0.002285227283)
(0.2052714384 0.3428769823 -0.002992242093)
(1.072032686 0.2409583343 -0.002102811526)
(0.9833147165 0.2067642563 -0.001804404329)
(1.146508945 0.1781892724 -0.001555034222)
(1.236519609 0.2091560587 -0.001825277272)
(1.217778434 0.1157010727 -0.001009707964)
(0.9612848609 0.0982897505 -0.0008577616578)
(0.8507730466 0.08615294118 -0.0007518453274)
(3.149888227 0.9129180289 -0.007966914942)
(3.198798068 0.8262783631 -0.007210822033)
(3.298884616 0.8261354662 -0.00720957499)
(3.24795791 0.7399332237 -0.006457299417)
(3.347872674 0.7392106556 -0.006450993661)
(3.29702982 0.6534412772 -0.005702495636)
(3.396867759 0.6523428649 -0.005692909936)
(3.197306836 0.6541516834 -0.005708695256)
(3.246257531 0.5677869663 -0.004955001789)
(3.146768343 0.5688458696 -0.004964242698)
(3.195511568 0.4822146949 -0.004208223889)
(3.096125066 0.4834680593 -0.004219161834)
(3.295086326 0.4810838936 -0.004198355536)
(3.047495955 0.5698239839 -0.004972778571)
(2.997056072 0.4847228107 -0.004230111884)
(2.948587707 0.5707980318 -0.004981278959)
(2.898290079 0.4858317447 -0.004239789405)
(2.946623844 0.3997477868 -0.003488546085)
(2.847911686 0.4010020217 -0.003499491627)
(2.79965989 0.4869892658 -0.004249890938)
(2.749350735 0.4023101574 -0.003510907554)
(2.701170662 0.4881498986 -0.004260019627)
(2.650951518 0.4036032131 -0.003522191881)
(3.244246928 0.3954834119 -0.003451331449)
(3.343921257 0.3943089388 -0.003441081977)
(2.602837006 0.4892963562 -0.004270024611)
(2.55251528 0.4048586508 -0.00353314792)
(2.600705409 0.3189651814 -0.002783566968)
(2.896146814 0.3147589541 -0.002746859778)
(2.503617742 0.3210631546 -0.002801875703)
(2.454364217 0.4063092829 -0.003545807394)
(2.405500239 0.3245172246 -0.002832018915)
(2.356047486 0.4078535141 -0.003559283695)
(2.305860159 0.3255621161 -0.002841137545)
(2.995051738 0.3132398076 -0.002733602388)
(2.751504178 0.5726727714 -0.004997639563)
(2.257771963 0.4093564298 -0.003572399442)
(2.207412011 0.3251022134 -0.002837124035)
(2.998814563 0.6555831792 -0.005721187731)
(3.293130317 0.3121101029 -0.002723743605)
(3.395864776 0.3132191002 -0.002733421677)
(3.444178335 0.3941153369 -0.003439392439)
(3.496222128 0.3090896352 -0.002697384382)
(3.544200555 0.3927511022 -0.003427486943)
(3.593232232 0.3057566554 -0.002668297907)
(3.643476232 0.3912307967 -0.003414219438)
(3.594387273 0.4782485127 -0.004173611542)
(3.694327533 0.4770667622 -0.004163298561)
(3.74336115 0.3900901781 -0.003404265411)
(3.794279556 0.4769042145 -0.004161880029)
(3.843314654 0.3891402161 -0.003395975218)
(3.894242353 0.4760038512 -0.004154022677)
(3.743807988 0.5657257513 -0.004937013837)
(3.943282595 0.3881073821 -0.003386961813)
(3.994206206 0.4741531309 -0.004137871686)
(4.043255562 0.3868407531 -0.003375908109)
(4.094184296 0.4729156396 -0.004127072263)
(4.143238652 0.385762084 -0.003366494706)
(4.194168592 0.471810349 -0.004117426538)
(4.145110397 0.5589377605 -0.004877775939)
(4.245097318 0.5578551496 -0.004868328137)
(4.294156588 0.4707252866 -0.004107957342)
(4.345086459 0.5567746439 -0.004858898707)
(4.394146147 0.4696435157 -0.00409851687)
(4.445076957 0.5556948287 -0.004849475302)
(4.494137405 0.4685630786 -0.004089088039)
(4.545068637 0.5546152564 -0.004840054018)
(3.944597088 0.5618713898 -0.004903377335)
(4.594129458 0.4674830298 -0.004079662595)
(4.396016049 0.6428260335 -0.005609857807)
(4.543198084 0.3814305489 -0.003328693972)
(4.643190467 0.3803504387 -0.003319267993)
(4.343214963 0.3835920979 -0.003347557524)
(4.645060954 0.5535356417 -0.004830632363)
(4.595999746 0.6406682264 -0.005591026909)
(4.19603732 0.6449831514 -0.005628682689)
(4.695992538 0.6395886887 -0.005581605927)
(3.792388134 0.3029869765 -0.002644127286)
(3.995761924 0.3069880917 -0.00267904449)
(4.645569885 0.7279777017 -0.006352965158)
(4.592258748 0.2942976528 -0.002568296707)
(4.69225162 0.293217446 -0.002558869885)
(2.159516465 0.4103969175 -0.003581479641)
(2.109260113 0.3261702786 -0.002846444899)
(3.447753425 0.7382264887 -0.006442404967)
(2.900481729 0.6564632758 -0.005728868217)
(4.094981592 0.646692523 -0.005643600149)
(4.146118932 0.7329128474 -0.006396033522)
(4.045387795 0.7353745176 -0.006417516192)
(4.492266238 0.2953778594 -0.002577723528)
(4.544840733 0.7287681067 -0.006359862917)
(4.246765297 0.7311345378 -0.006380514448)
(3.193520251 0.3103812375 -0.002708656024)
(2.406069333 0.4890133057 -0.004267554466)
(2.058528811 0.4144395574 -0.003616759224)
(2.010532089 0.3280001312 -0.00286241378)
(3.496653138 0.651260999 -0.005683468635)
(3.547771602 0.7375788319 -0.006436752952)
(4.744415119 0.724566564 -0.006323196609)
(2.209740397 0.4890535416 -0.0042679056)
(2.256064922 0.2433831511 -0.002123972582)
(4.742440069 0.5540027356 -0.00483470863)
(2.058978592 0.2417847991 -0.002110023976)
(2.944378493 0.2309467244 -0.00201544153)
(2.550357531 0.2342250871 -0.002044051368)
(3.2456806 0.232196141 -0.002026345024)
(4.743183397 0.3792705734 -0.003309844151)
(3.543569471 0.2243409983 -0.001957794232)
(2.648913482 0.2351153295 -0.002051820396)
(1.960666705 0.243210964 -0.002122469928)
(1.912695256 0.3291238784 -0.002872220574)
(1.862365935 0.2448402451 -0.002136688449)
(2.847746982 0.2314185487 -0.002019559079)
(4.541378849 0.2130569031 -0.001859319425)
(1.816533243 0.3293470621 -0.002874168268)
(1.76418477 0.2464887177 -0.002151074451)
(3.445730214 0.5654118538 -0.004934274496)
(3.596041569 0.6501006631 -0.005673342538)
(3.648177444 0.7382046491 -0.006442214375)
(3.146055811 0.2274109821 -0.001984585575)
(4.444990316 0.2121805895 -0.001851671952)
(2.950280703 0.7364333795 -0.00642675674)
(2.852488557 0.7365119938 -0.006427442796)
(3.048161391 0.7402765127 -0.006460295255)
(2.602274299 0.1565589019 -0.001366268838)
(2.899157432 0.1546269872 -0.001349409274)
(3.645691637 0.2328030565 -0.002031641496)
(1.720727549 0.3267752145 -0.002851724094)
(1.666131247 0.2481297219 -0.002165395278)
(3.202106756 0.1543181668 -0.001346714239)
(4.7866233 0.2939673916 -0.002565414561)
(4.741312712 0.2060838389 -0.001798466416)
(4.496649487 0.1220357697 -0.001064990028)
(1.861790325 0.4151676996 -0.003623113626)
(4.696002122 0.8156689601 -0.007118235176)
(4.813494457 0.8115726396 -0.007082487128)
(1.616816594 0.3379083432 -0.002948881437)
(1.568204314 0.2497647989 -0.002179664379)
(4.197531556 0.8194726219 -0.00715142923)
(4.298404753 0.8180456506 -0.00713897624)
(4.349603148 0.9069415585 -0.007914759075)
(4.39792655 0.8158563472 -0.007119870478)
(2.987882679 0.8281196878 -0.007226891031)
(3.498940532 0.8253399677 -0.00720263278)
(1.613771929 0.1647567204 -0.001437810117)
(2.801991267 0.6563047497 -0.005727484781)
(2.757877599 0.7376277123 -0.006437179524)
(2.808833483 0.8296880902 -0.007240578271)
(3.097907367 0.825274164 -0.00720205852)
(4.647151191 0.9089105289 -0.00793194202)
(4.596087803 0.8171843476 -0.007131459762)
(2.307836688 0.4918281274 -0.004292119044)
(2.255661219 0.5799974638 -0.005061561186)
(2.366602933 0.5718483416 -0.004990444873)
(2.422612437 0.6377575851 -0.005565626128)
(3.349732176 0.912615907 -0.007964278364)
(1.45112015 0.08502916567 -0.0007420382871)
(1.400673937 0.1825358429 -0.001592966168)
(1.509260148 0.1723665209 -0.00150421984)
(1.471675441 0.263953332 -0.002303485831)
(1.960626428 0.4156501944 -0.003627324294)
(2.01239992 0.5019086562 -0.004380090485)
(2.112084255 0.4912321968 -0.004286918436)
(2.653006715 0.5735791724 -0.005005549605)
(2.55664267 0.5718874468 -0.00499078614)
(2.6077398 0.6740874647 -0.005882672184)
(2.702482967 0.6577170197 -0.005739809474)
(2.5047591 0.4866697322 -0.004247102411)
(1.854935968 0.08429167835 -0.0007356023329)
(2.053454237 0.08349266355 -0.0007286294363)
(4.148171752 0.910803867 -0.00794846493)
(4.095770773 0.8235744776 -0.007187225582)
(3.997091843 0.8255404953 -0.007204382758)
(3.944239243 0.7397627941 -0.006455812101)
(3.990786964 0.650702865 -0.005678597874)
(3.88975372 0.6566550961 -0.005730542208)
(3.84519537 0.7452124632 -0.006503370643)
(3.793577626 0.6568913349 -0.005732603833)
(2.850085808 0.5715099732 -0.004987491977)
(4.842659156 0.3909734044 -0.00341197321)
(2.25271577 0.08368629141 -0.0007303192011)
(2.352278053 0.08422297768 -0.0007350027911)
(2.406013355 0.1627169517 -0.001420009325)
(3.845234151 0.5670161452 -0.004948274934)
(3.44958618 0.9125468645 -0.00796367584)
(3.599439609 0.8248972918 -0.007198769606)
(3.701684624 0.826096423 -0.007209234266)
(3.652062381 0.9106040779 -0.007946721398)
(3.097744798 0.6547560821 -0.005713969764)
(3.144822222 0.3968818934 -0.003463535812)
(4.392883328 0.2969342431 -0.002591305882)
(4.345749002 0.2175434595 -0.00189847301)
(4.293118688 0.2988084688 -0.002607662002)
(4.242272584 0.2174165502 -0.001897365489)
(4.192587191 0.2998245638 -0.002616529328)
(4.141358137 0.2125670324 -0.001855044389)
(4.198237916 0.1441403059 -0.001257893393)
(4.918270699 0.5411706331 -0.004722724568)
(4.744829913 0.07860500164 -0.000685975457)
(3.752150413 0.08472721705 -0.0007394032214)
(3.799650993 0.1653514643 -0.001443000368)
(3.897169335 0.1654601598 -0.001443948939)
(3.949570147 0.08377557625 -0.000731098378)
(4.001942234 0.1550428533 -0.001353038483)
(3.547930703 0.08200201124 -0.0007156207107)
(3.448191112 0.08298175177 -0.0007241707767)
(3.400417445 0.1609398266 -0.001404500589)
(4.909747557 0.754043071 -0.00658043419)
(4.790557604 0.6401330596 -0.005586356579)
(4.443307694 0.3825902239 -0.003338814302)
(4.693686588 0.4666609386 -0.004072488315)
(4.641319623 0.2071646383 -0.00180789841)
(4.495756347 0.6418502738 -0.005601342481)
(4.243226456 0.3846761048 -0.003357017509)
(4.295935235 0.6438886209 -0.005619130866)
(4.78499615 0.4745355794 -0.004141209263)
(4.043977757 0.5608788848 -0.004894715874)
(4.096317209 0.3028496684 -0.002642929017)
(3.892693275 0.3067321594 -0.002676811002)
(3.692423482 0.3041177361 -0.002653995276)
(3.398794934 0.825679225 -0.007205593434)
(2.529313369 0.7479782728 -0.006527507498)
(2.797906558 0.316541462 -0.00276241549)
(2.168540357 0.6283422724 -0.005483459939)
(1.800282626 0.4917062399 -0.004291055348)
(3.094717456 0.3120871939 -0.00272354368)
(3.345980682 0.5667058108 -0.004945566687)
(4.449204537 0.9051741609 -0.007899335229)
(3.045732733 0.3983579253 -0.003476416947)
(1.254828081 0.3008044182 -0.002625080389)
(1.441414692 0.3536670687 -0.003086405751)
(2.699184286 0.3180747143 -0.002775795979)
(3.394897492 0.4800462295 -0.004189299979)
(3.046767615 0.2316638864 -0.002021700108)
(4.346957781 0.7299642956 -0.006370301899)
(2.157133847 0.242487194 -0.002116153683)
(3.147921699 0.7398552641 -0.006456619074)
(0.5406623307 0.2442358028 -0.002131413561)
(3.494755783 0.4791763929 -0.004181709029)
(4.445954438 0.7285936155 -0.006358340155)
(3.545310082 0.564552787 -0.004926777533)
(0.7574872818 0.2640866074 -0.002304648908)
(3.645267412 0.5635068971 -0.00491765019)
(2.749776337 0.2354563748 -0.002054796654)
(3.751689854 0.9113146956 -0.007952922864)
(1.618589909 0.4307402211 -0.003759012961)
(0.7990695354 0.172628739 -0.001506508182)
(1.327480937 0.2390064048 -0.002085777296)
(0.3969983375 0.3393764878 -0.00296169374)
(3.694532926 0.6491900971 -0.005665396149)
(3.949181339 0.9125729633 -0.0079639036)
(0.8939230509 0.1763638842 -0.0015391043)
(4.49712463 0.8175101216 -0.007134302749)
(3.898840703 0.8267617586 -0.007215040561)
(4.847820591 0.916095903 -0.007994647829)
(4.921616171 0.1533454985 -0.001338225892)
(0.07410861645 0.1527410603 -0.00133295104)
(4.838241881 0.2080533612 -0.001815654176)
(3.801826105 0.828850926 -0.007233272449)
(1.654004548 0.08219595721 -0.0007173132515)
(1.711624421 0.1670981618 -0.001458243566)
(2.704998767 0.8114227515 -0.007081179075)
(3.747499016 0.7407409822 -0.006464348619)
(1.810774347 0.1674351163 -0.001461184124)
(1.909779795 0.1672544698 -0.001459607645)
(2.456230007 0.2407336664 -0.002100850879)
(2.008318522 0.1661845486 -0.001450270584)
(2.106111526 0.1642461541 -0.001433354472)
(2.204738973 0.1642899847 -0.001433736976)
(2.649877127 0.07815090503 -0.0006820126159)
(2.947509193 0.07731155257 -0.000674687698)
(2.3042287 0.1644812894 -0.001435406467)
(2.504263528 0.157248603 -0.001372287769)
(2.355649564 0.2435657332 -0.002125565952)
(3.25808616 0.08029335933 -0.0007007095313)
(0.1643033651 0.2603463928 -0.00227200855)
(2.435403056 0.7214242765 -0.006295774282)
(2.551255252 0.07889608439 -0.0006885156977)
(3.299747167 0.1595209876 -0.001392118568)
(2.506278935 0.654378698 -0.005710676382)
(1.137434019 0.07934454662 -0.0006924293683)
(4.92702274 0.3499866731 -0.003054287424)
(1.764472041 0.4040156045 -0.003525790765)
(0.4485526061 0.2508497592 -0.002189132684)
(2.243523518 0.6679392829 -0.005829017814)
(2.701598387 0.155778142 -0.00135945525)
(3.696765085 0.1603218541 -0.001399107625)
(2.798816713 0.1548177337 -0.001351073894)
(4.246719574 0.07228976841 -0.0006308632515)
(4.831224907 0.7150893239 -0.006240489988)
(4.567329256 0.06990438396 -0.0006100463169)
(2.849466765 0.07741694535 -0.0006756074468)
(2.968679533 0.9144094023 -0.00797992996)
(2.457263156 0.5612405977 -0.004897872495)
(1.304743103 0.1536805032 -0.001341149433)
(2.99932942 0.1530829521 -0.001335934684)
(4.829364512 0.5606568426 -0.004892778141)
(3.097572356 0.1524498312 -0.001330409521)
(3.444913638 0.2344106573 -0.002045670815)
(3.151323831 0.07726117036 -0.000674248019)
(3.346625657 0.2353994693 -0.002054300046)
(0.07994090022 0.3276965199 -0.002859764205)
(3.492456351 0.1562636268 -0.001363692012)
(4.051955157 0.2257423592 -0.001970023723)
(0.5842764689 0.3099029252 -0.002704481856)
(1.055047754 0.1503656464 -0.001312221116)
(3.596158572 0.1563729335 -0.001364645916)
(3.744769789 0.2343904038 -0.002045494066)
(4.101317931 0.1444075723 -0.001260225792)
(1.530018917 0.3180543005 -0.002775617831)
(3.843859459 0.2372615871 -0.002070550503)
(0.07508436611 0.07508150713 -0.0006552263863)
(4.394927621 0.1399584068 -0.001221398513)
(2.679102404 0.7308929081 -0.006378405778)
(3.947230231 0.2328712018 -0.00203223619)
(0.9268438247 0.2499640203 -0.002181402958)
(4.926794919 0.9267596297 -0.008087708762)
(4.926794919 0.07320229333 -0.0006388267359)
(1.394510015 0.2745232568 -0.002395728168)
(4.296509215 0.1438520355 -0.001255377695)
(2.901854249 0.7988673715 -0.006971609933)
(4.149421338 0.07303875648 -0.0006373995714)
(4.594312076 0.1448725042 -0.001264283191)
(4.431910968 0.06616529351 -0.0005774157688)
(1.975621322 0.5784648048 -0.005048185873)
(4.692045165 0.1456769335 -0.001271303339)
(4.86531959 0.3069884243 -0.002679047393)
(2.161857323 0.5492193539 -0.00479296469)
(1.68066264 0.3942701602 -0.003440743562)
(1.279667848 0.06947115526 -0.0006062655872)
(0.1372562124 0.1906083904 -0.001663414223)
(4.78123485 0.1485068361 -0.001295999525)
(0.6175228382 0.2372176992 -0.002070167499)
(4.859799444 0.4825930067 -0.004211525366)
(0.2179649287 0.4079909262 -0.003560482873)
(2.897316171 0.8773570037 0.007656578576)
(4.349428893 0.0730687631 0.0006376614352)
(3.249408174 0.9136260836 0.007973094042)
(4.047318189 0.0753786083 0.0006578191489)
(3.750002616 0.08659988853 0.0007557457779)
(3.451576885 0.08570406292 0.0007479280263)
(4.249310827 0.912048658 0.007959328057)
(3.150721783 0.08618346361 0.0007521116926)
(3.95 0.9133626802 0.007970795356)
(3.649366737 0.9139896546 0.007976266878)
(2.617148695 0.7804237393 0.006810654794)
(4.547404972 0.9126632266 0.007964691316)
(2.848926853 0.08174138977 0.0007133463015)
(4.914964842 0.4487712828 0.003916367653)
(2.334684676 0.6731237665 0.005874262117)
(2.549719243 0.08659017488 0.0007556610082)
(2.070308173 0.5860315079 0.005114219491)
(2.250145269 0.08518453457 0.000743394171)
(1.952638169 0.08455162509 0.0007378708537)
(4.64805665 0.07827804338 0.0006831221355)
(1.705892161 0.4686966513 0.00409025371)
(4.902972848 0.6491249835 0.005664827911)
(3.449681854 0.9138151076 0.00797474363)
(1.902950872 0.5200394056 0.004538315138)
(1.532380427 0.4013139794 0.003502214041)
(1.753812229 0.0838488215 0.0007317375796)
(0.2954810914 0.3546774063 0.003095222834)
(1.341325805 0.3336389721 0.0029116232)
(0.4964795657 0.3267134309 0.002851184917)
(4.747835289 0.9081087352 0.007924944872)
(4.923053123 0.2519157533 0.002198435473)
(1.552192106 0.08529268387 0.0007443379756)
(0.6691758967 0.2876433317 0.002510225326)
(0.2529359547 0.08894873535 0.0007762438536)
(1.164102794 0.2689407604 0.002347010459)
(0.8478904472 0.2485336813 0.002168920579)
(0.07806945456 0.2414912429 0.00210746215)
(0.5506815655 0.08625492557 0.0007527353317)
(1.355986663 0.08107066203 0.0007074929493)
(3.052421184 0.9134566713 0.007971615603)
(1.04705135 0.06598387417 0.0005758325462)
(0.7483877969 0.08581604483 0.0007489052776)
(4.927751547 0.8480637292 0.007400940043)
(4.843878057 0.09507470455 0.0008297043769)
(0.1261742369 0.4012752271 0.003501875855)
(0.6494524079 0.08577192959 0.0007485202896)
(0.5948485738 0.1676288104 0.001462874466)
(0.50143177 0.1684063935 0.001469660331)
(0.6898464589 0.1860315589 0.001623472819)
(0.4518061953 0.08653306434 0.0007551626121)
(0.4039365905 0.1695642278 0.001479764598)
(0.3524917973 0.08792339019 0.0007672958019)
(0.3052226518 0.1734504796 0.001513679404)
(0.2132311421 0.1800249397 0.001571053848)
(0.3518070424 0.2568022123 0.002241078955)
(0.1519148472 0.1001149726 0.0008736901297)
(0.2571433674 0.2618611096 0.002285227283)
(0.2052714384 0.3428769823 0.002992242093)
(1.072032686 0.2409583343 0.002102811526)
(0.9833147165 0.2067642563 0.001804404329)
(1.146508945 0.1781892724 0.001555034222)
(1.236519609 0.2091560587 0.001825277272)
(1.217778434 0.1157010727 0.001009707964)
(0.9612848609 0.0982897505 0.0008577616578)
(0.8507730466 0.08615294118 0.0007518453274)
(3.149628879 0.913938084 0.007975816828)
(3.099098657 0.8286805439 0.007231785547)
(2.98772176 0.8309517658 0.007251606201)
(3.04622084 0.7440691211 0.006493392847)
(3.146735581 0.7428495347 0.006482749678)
(3.096180464 0.6580651992 0.005742847991)
(3.195311041 0.6567807779 0.005731639016)
(2.99740784 0.6591504631 0.005752318946)
(3.046006287 0.5732787279 0.005002927665)
(2.94742413 0.5745208097 0.005013767149)
(2.995691848 0.4884763421 0.004262868457)
(2.897092853 0.4898583022 0.004274928639)
(3.094509126 0.487175377 0.004251515106)
(3.04393902 0.4021405979 0.003509427831)
(3.143048678 0.4008245437 0.0034979428)
(2.849031791 0.5758227163 0.005025128716)
(2.798628095 0.4912146089 0.004286764949)
(2.84647072 0.4050892568 0.003535160388)
(2.748069113 0.4066586357 0.00354885615)
(2.700175015 0.4925558961 0.004298470185)
(2.649698624 0.4081914642 0.003562232941)
(2.601825968 0.4939553934 0.004310683413)
(2.551447474 0.4097250804 0.003575616607)
(2.697539412 0.3231234815 0.002819855904)
(2.503775865 0.495441025 0.004323648323)
(2.453328226 0.4112551672 0.003588969472)
(2.501069861 0.3261808696 0.002846537325)
(2.402775933 0.3284923637 0.002866709429)
(2.355001845 0.4130788536 0.003604884542)
(2.305167285 0.3292503125 0.002873323947)
(2.256803125 0.4145255169 0.003617509382)
(2.20625509 0.3302764261 0.002882278705)
(3.092299339 0.3184762461 0.002779300094)
(3.194238384 0.3190734661 0.002784511954)
(3.242812627 0.4004284016 0.00349448572)
(3.294131465 0.3152666977 0.00275129079)
(3.342443825 0.3989925514 0.003481955246)
(3.391203966 0.3154198763 0.002752627559)
(3.441684151 0.3980059716 0.003473345495)
(3.490206555 0.3102306207 0.002707341611)
(3.541248535 0.3961375443 0.003457039976)
(3.49242131 0.4832272866 0.004217060643)
(3.592198259 0.4819054304 0.004205524979)
(3.641051281 0.3947811143 0.003445202591)
(3.692044144 0.4806465397 0.004194538806)
(3.740937622 0.3935300679 0.003434284875)
(3.791961379 0.4794360414 0.004183974947)
(3.84086935 0.39229352 0.003423493684)
(3.891897696 0.478227674 0.004173429685)
(3.940814489 0.3910623515 0.003412749439)
(3.991853522 0.4770106095 0.004162808524)
(4.040778575 0.3898331299 0.003402022185)
(4.091821966 0.4757956976 0.004152206149)
(4.140750299 0.3886055554 0.003391309305)
(4.191798909 0.4745729226 0.004141535153)
(4.142866127 0.5617656133 0.004902454237)
(4.242847178 0.5605438969 0.004891792479)
(4.291780107 0.4733495724 0.004130859137)
(4.342830443 0.5593231386 0.004881139083)
(4.391765106 0.4721258522 0.004120179893)
(4.442816249 0.5581023476 0.004870485401)
(4.491751868 0.4709032689 0.00410951057)
(4.542804073 0.5568812111 0.004859828705)
(3.842977673 0.5653868187 0.004934056017)
(3.543299689 0.5689469613 0.004965124912)
(4.591740237 0.4696811492 0.004098845293)
(4.540687541 0.3837026698 0.003348522471)
(4.393118741 0.6467958542 0.005644501908)
(4.640676647 0.3824803863 0.003337855763)
(4.340712571 0.3861520395 0.003369897796)
(4.642793068 0.5556598875 0.004849170375)
(3.89314228 0.3109832396 0.002713909617)
(4.593856203 0.6428606574 0.005610159965)
(4.193913326 0.6477363155 0.005652709188)
(4.093932093 0.6489575281 0.005663366549)
(3.443505353 0.5699057187 0.004973491861)
(3.494404094 0.6555074524 0.005720526873)
(3.594245694 0.654739669 0.005713826529)
(3.689914264 0.3076292236 0.002684639563)
(4.693846408 0.6416395124 0.005599503194)
(4.589623351 0.2965012989 0.002587527636)
(4.689613376 0.2952788528 0.00257685951)
(4.08970127 0.3026418959 0.002641115814)
(2.553946179 0.5794132712 0.005056463014)
(4.145641692 0.7359065452 0.006422159126)
(4.644250671 0.7299184665 0.006369901955)
(4.045448425 0.7370341589 0.006431999662)
(3.394081344 0.655098612 0.005716958977)
(4.489633952 0.2977238061 0.002598196294)
(4.543024213 0.7353311519 0.006417137745)
(4.245479526 0.7340550045 0.006406000975)
(4.18967945 0.3014122594 0.002630384938)
(2.993150985 0.3174419557 0.002770273979)
(3.293138319 0.4851586052 0.004233915005)
(4.744790298 0.7277995813 0.006351410724)
(2.158624178 0.4155963562 0.003626854455)
(2.107178356 0.3324612498 0.002901345372)
(3.246148892 0.7415160162 0.006471112238)
(3.545604447 0.7411893156 0.006468261165)
(3.645888791 0.7408107816 0.006464957749)
(2.057355799 0.4197087304 0.003662742601)
(2.009275489 0.334030051 0.002915036093)
(2.055472437 0.2500452289 0.002182111654)
(4.750785154 0.5480594798 0.004782842621)
(2.354333373 0.2479901182 0.002164176975)
(2.208647137 0.4934450853 0.004306230022)
(3.044590282 0.237856648 0.00207574352)
(1.959304365 0.2500342239 0.002182015615)
(1.911636368 0.3355272094 0.002928101596)
(1.861134694 0.252299724 0.002201786335)
(3.346515513 0.2399418971 0.002093941213)
(4.736467654 0.3789022453 0.0033066298)
(4.538627614 0.2152595771 0.00187854187)
(2.942036378 0.2316914093 0.002021940297)
(4.098198185 0.8252772345 0.007202085316)
(3.994032099 0.6503207232 0.005675262973)
(3.946089251 0.7385335408 0.00644508457)
(3.694255112 0.6536558674 0.005704368336)
(3.745846783 0.7397741276 0.006455911007)
(1.815539491 0.3355768173 0.002928534518)
(1.763359184 0.2537493218 0.002214436783)
(4.142121291 0.2174022577 0.00189724076)
(4.239244146 0.2189523607 0.001910768304)
(4.442293547 0.2146125966 0.001872895757)
(2.456149569 0.5767948991 0.005033612827)
(2.497778384 0.6547425372 0.005713851559)
(4.046148607 0.2250141104 0.001963668393)
(2.999586016 0.158233516 0.001380882975)
(1.719396883 0.3325306406 0.002901950937)
(1.665735546 0.2547679217 0.00222332597)
(4.783673191 0.2948205856 0.002572860272)
(4.73854999 0.2080761699 0.001815853225)
(4.196106841 0.146594106 0.001279307382)
(2.605204651 0.6773965576 0.0059115502)
(4.494230045 0.1239502702 0.001081697621)
(4.695808608 0.8176741878 0.007135734533)
(4.790721153 0.8152827872 0.007114865096)
(1.861634315 0.4191564006 0.003657922492)
(1.615444921 0.3418727582 0.002983478362)
(1.567138479 0.2570169702 0.002242953119)
(1.607754 0.17077694 0.001490347777)
(4.837823345 0.7296864693 0.006367877346)
(1.808250215 0.1691081668 0.001475784614)
(3.596188429 0.8278609125 0.007224632733)
(1.451198348 0.08518904421 0.000743433526)
(1.399936504 0.1826461941 0.001593929188)
(1.507486824 0.1748246914 0.001525671969)
(1.469895646 0.2639105954 0.002303112874)
(1.95633357 0.4244206757 0.003703863124)
(2.011598191 0.5057225664 0.004413373976)
(4.831083311 0.3903121779 0.003406202773)
(4.647178441 0.9101459992 0.007942723805)
(4.594158003 0.8227774097 0.007180269676)
(4.494638115 0.8263773459 0.007211685843)
(4.442143076 0.7395926532 0.006454327303)
(4.396034694 0.8246301626 0.007196438405)
(2.307050729 0.4973293565 0.004340127542)
(2.254284934 0.5828791273 0.005086709082)
(2.361417701 0.5782176666 0.00504602913)
(3.294414337 0.6553652647 0.00571928602)
(2.406120656 0.495352828 0.00432287864)
(2.899247301 0.6602061507 0.005761531791)
(2.801330484 0.6614678154 0.005772542173)
(2.851310789 0.7406394173 0.006463462276)
(2.757593184 0.7416760837 0.006472509126)
(2.707781567 0.6616870127 0.005774455078)
(2.808347455 0.831535689 0.007256702021)
(2.947131794 0.7392307696 0.006451169193)
(2.653285952 0.5803348307 0.005064505342)
(2.751705484 0.57718048 0.005036977741)
(2.051593941 0.08427543928 0.0007354606166)
(2.150264087 0.08455601211 0.0007379091386)
(2.201116237 0.1680114193 0.001466213444)
(2.351505915 0.08429817961 0.0007356590684)
(2.451452911 0.08541779104 0.0007454297693)
(2.500228399 0.1717592908 0.001498920622)
(2.599184152 0.1711440007 0.001493551067)
(2.649451751 0.08645192059 0.0007544544812)
(2.698408553 0.16919791 0.001476567791)
(2.749509616 0.08512161732 0.0007428451005)
(2.800424854 0.1630609666 0.001423011497)
(3.894179361 0.6514883249 0.005685452479)
(3.19365588 0.4861127716 0.004242241889)
(4.042905783 0.5630042204 0.004913263397)
(4.390265651 0.2994281159 0.00261306958)
(4.91411712 0.545832211 0.004763405541)
(4.836240931 0.4938723549 0.004309958747)
(4.74349769 0.07936373023 0.0006925967811)
(4.149584835 0.9124892075 0.007963172675)
(4.197346671 0.822578126 0.007178530553)
(4.049509764 0.9124926363 0.007963202597)
(3.349857038 0.9134870083 0.00797188035)
(3.397707266 0.8269826944 0.00721696864)
(3.29725026 0.8271531245 0.00721845596)
(3.947585064 0.08183038219 0.0007141229267)
(3.849597198 0.0858039768 0.0007487999614)
(3.796281965 0.1676132359 0.00146273855)
(3.695759208 0.1670055436 0.0014574353)
(3.649300827 0.08556606232 0.0007467237133)
(3.595595227 0.1669225801 0.001456711288)
(3.549421877 0.08522915883 0.000743783601)
(3.498199261 0.1679891833 0.001466019393)
(3.896544801 0.160554073 0.001401134169)
(3.349998709 0.0857542919 0.0007483663679)
(3.24828847 0.08418375965 0.0007346605406)
(3.198912658 0.1635422234 0.001427211362)
(3.850003245 0.9133627438 0.00797079591)
(3.89907971 0.8265204346 0.007212934559)
(3.799392561 0.8266604209 0.007214156201)
(3.749793769 0.9136262567 0.007973095553)
(4.79503136 0.6455779915 0.00563387378)
(4.440802781 0.3850059587 0.0033598961)
(4.688164634 0.4646473672 0.004054916143)
(4.638559527 0.2092997676 0.001826531401)
(4.492960426 0.6465939792 0.005642740171)
(4.293625205 0.6466947815 0.005643619859)
(4.240730022 0.3873793868 0.003380608693)
(4.343177194 0.2208193523 0.001927061293)
(3.942974356 0.5642397284 0.004924045512)
(4.289658797 0.3001839715 0.002619665832)
(3.994864465 0.3081073373 0.002688811998)
(3.590048935 0.3089283342 0.00269597673)
(3.790168497 0.3108940941 0.002713131656)
(3.39279931 0.4841945139 0.004225501508)
(3.643181347 0.5677377295 0.004954572105)
(3.79406991 0.6525087806 0.005694357861)
(3.743071192 0.5665533762 0.00494423641)
(2.896380951 0.3198504039 0.002791292187)
(2.167732855 0.6299169617 0.005497202044)
(2.945454396 0.4038094764 0.003523991914)
(1.254828081 0.3008044182 0.002625080389)
(1.439659348 0.3542647229 0.0030916214)
(3.198045074 0.8279605645 0.007225502382)
(3.144813885 0.5720590114 0.004992283361)
(2.599231871 0.3252538726 0.002838447544)
(3.846024476 0.7388925565 0.006448217652)
(0.5406623307 0.2442358028 0.002131413561)
(0.7574872818 0.2640866074 0.002304648908)
(2.798284128 0.3238725873 0.00282639325)
(3.244156061 0.5708922301 0.004982101015)
(3.343682454 0.5701024908 0.004975209064)
(1.799489351 0.4928792742 0.004301292263)
(3.697746178 0.827120359 0.00721817002)
(4.343562016 0.7317144794 0.006385575522)
(3.549710544 0.9146986033 0.007982453779)
(0.7990695354 0.172628739 0.001506508182)
(2.111012217 0.4949643124 0.004319488116)
(3.497738594 0.8276747582 0.007223008188)
(3.998054222 0.8255367809 0.007204350343)
(1.321964349 0.2431966252 0.002122344795)
(3.445508432 0.7404107945 0.006461467114)
(3.345851755 0.741087751 0.006467374825)
(4.34853508 0.9116917078 0.007956213)
(0.3969983375 0.3393764878 0.00296169374)
(4.296469609 0.8207594278 0.007162659014)
(1.654367372 0.08554482682 0.0007465383939)
(4.44776881 0.9125477148 0.00796368326)
(0.8939230509 0.1763638842 0.0015391043)
(1.708879757 0.1696326664 0.001480361853)
(1.853908316 0.0846951242 0.0007391231514)
(2.256784593 0.2471357925 0.002156721388)
(4.85128684 0.8990944247 0.007846278175)
(4.921109773 0.1533646432 0.001338392965)
(1.617319515 0.4339729549 0.003787224602)
(1.907898817 0.1694826374 0.00147905257)
(4.83646744 0.2086701786 0.00182103706)
(2.004487803 0.16724587 0.001459532596)
(2.432163855 0.7179258271 0.006265243777)
(0.07410861645 0.1527410603 0.00133295104)
(2.102102398 0.1673350301 0.001460310685)
(2.527269547 0.748067504 0.006528286206)
(2.151017426 0.2497030143 0.002179125192)
(2.303589048 0.1668989153 0.001456504769)
(2.403594049 0.1679700162 0.001465852124)
(3.052123402 0.08158453944 0.0007119774895)
(2.451130758 0.2491611082 0.00217439605)
(3.097808134 0.1623037869 0.00141640369)
(2.549626088 0.2486747288 0.002170151481)
(3.395790652 0.1640460069 0.001431607813)
(2.705120429 0.8152803478 0.007114843807)
(2.648274187 0.2475972978 0.002160748884)
(4.925339853 0.3499866731 0.003054287424)
(0.1643033651 0.2603463928 0.00227200855)
(2.749753443 0.244529366 0.002133975448)
(1.137434019 0.07934454662 0.0006924293683)
(4.245094072 0.07363285588 0.0006425841983)
(0.4485526061 0.2508497592 0.002189132684)
(4.566028041 0.07079486155 0.000617817397)
(2.853758783 0.2401006147 0.002095326321)
(4.92707211 0.7509481038 0.00655342482)
(2.90087351 0.156162375 0.001362808401)
(2.95025163 0.07962030338 0.000694835861)
(2.968636476 0.9151794006 0.007986649633)
(2.242249584 0.6689910414 0.005838196371)
(1.763210703 0.4077523485 0.003558400837)
(1.304211298 0.154046198 0.001344340804)
(3.147294979 0.2395815211 0.00209079626)
(3.245012254 0.2395663235 0.002090663633)
(3.297419709 0.1628390837 0.001421075155)
(3.440529944 0.2437291913 0.002126992429)
(3.540378683 0.2432291467 0.002122628606)
(0.07994090022 0.3276965199 0.002859764205)
(3.640500205 0.2418884456 0.002110928485)
(3.94298386 0.2339377179 0.002041543535)
(3.740541477 0.241670232 0.002109024163)
(0.5842764689 0.3099029252 0.002704481856)
(1.055047754 0.1503656464 0.001312221116)
(3.842056911 0.2391945461 0.00208741918)
(4.092844067 0.1481376759 0.001292777913)
(0.07508436611 0.07508150713 0.0006552263863)
(3.993463886 0.1546182245 0.001349332803)
(4.392375114 0.1421316694 0.001240364288)
(2.410351335 0.6419932602 0.005602590305)
(1.524067221 0.3217632095 0.002807984989)
(4.839829483 0.5764934041 0.00503098172)
(4.29423771 0.1458665179 0.001272957817)
(4.146893861 0.07395720768 0.0006454147736)
(0.9268438247 0.2499640203 0.002181402958)
(4.929141014 0.9274494247 0.008093728512)
(4.926794919 0.07320229333 0.0006388267359)
(2.679649028 0.73440153 0.006409025058)
(4.59178565 0.1465690585 0.001279088795)
(4.430080605 0.0675452981 0.0005894588864)
(4.767970254 0.4545708194 0.003966979442)
(1.392635913 0.2748887051 0.002398917386)
(2.900882234 0.8003676999 0.006984703101)
(4.690273296 0.1454006203 0.00126889199)
(4.862803957 0.30467498 0.00265885827)
(1.97677267 0.5785521893 0.005048948466)
(1.279667848 0.06947115526 0.0006062655872)
(0.1372562124 0.1906083904 0.001663414223)
(4.866930999 0.8086151029 0.007056677096)
(1.677312014 0.397674307 0.003470451101)
(2.160581092 0.5522574922 0.004819478121)
(4.778416172 0.1499059068 0.00130820903)
(0.6175228382 0.2372176992 0.002070167499)
(0.2179649287 0.4079909262 0.003560482873)
(0.6584735521 0.2387797214 4.530356092e-19)
(0.2115360661 0.2356380975 6.183274612e-19)
(0.8078896071 0.2842836892 5.375643118e-19)
(1.200248062 0.3123659161 -1.414040255e-18)
)


// ************************************************************************* //
